0 1.0 0. 0.128004350595
1 1.97318256638 0. 0.0446112621331
2 1.33162270715 0. 0.0215413538067
3 1.1655151712 0. 0.0140706996213
4 1.20117208526 0. 0.00939736875929
5 1.20139871878 0. 0.00679503672264
6 1.21220494749 0. 0.00507825275444
7 1.20000814262 0. 0.00403187302885
8 1.19483504545 0. 0.00333885357131
9 1.18671954236 0. 0.00284188124445
10 1.16892589475 0. 0.00250209640421
11 1.15160967595 0. 0.00225137980074
12 1.13036413935 0. 0.00206478710637
13 1.10673893127 0. 0.00193521979404
14 1.08186466331 0. 0.0018448053799
15 1.05703870399 0. 0.00177746422316
16 1.02692016466 0. 0.00174649656223
17 1.00167842475 0. 0.00173294133332
18 0.973424862538 0. 0.00174723682895
19 0.9477008706 0. 0.00177323674632
20 0.92109769197 0. 0.00183702008331
21 0.900561906038 0. 0.00192099590447
22 0.880829910885 0. 0.00203175312183
23 0.861707305306 0. 0.00214373049075
24 0.837508531979 0. 0.00231319374753
25 0.821633004926 0. 0.00253659583352
26 0.813513516148 0. 0.00276076717182
27 0.7953460745 0. 0.00305343668603
28 0.785220571715 0. 0.00343913216626
29 0.781482120626 0. 0.00391861994951
30 0.781637331006 0. 0.00448420454179
31 0.783339184892 0. 0.00511562296314
32 0.780357958697 0. 0.00605978868952
33 0.798309316912 0. 0.0070301042803
34 0.806198819676 0. 0.00836425666262
35 0.82478009763 0. 0.0102808837704
36 0.864108807111 0. 0.0119668060536
37 0.867578613365 0. 0.0148764282193
38 0.923635291702 0. 0.0183715538353
39 0.974340554328 0. 0.0228756618508
40 1.04334090154 0. 0.0269475182521
41 1.0520615716 0. 0.0356989139154
42 1.15498768595 0. 0.0498951881443
43 1.36471679869 0. 0.0633536560128
44 1.47794777498 0. 0.0822481754234
45 1.66199378572 0. 0.0860664203855
46 1.60610753771 0. 0.143604944962
47 1.97528073438 0. 0.173896619727
48 2.2813077203 0. 0.232048900938
49 2.33689072697 0. 0.286272841339
50 2.62832984201 0. 0.307421599446
51 2.75218330555 0. 0.367832195616
52 2.77867248466 0. 0.630704993369
53 3.89547868615 0. 0.881874901002
54 4.14909331324 0. 1.10924706719
55 4.99559695237 0. 1.55387756918
56 6.29409120245 0. 0.916837627828
57 3.50072439316 0. 1.25170653859
58 4.56862597808 0. 2.59774416162
59 8.98110860574 0. 2.32261766577
60 6.81897924641 0. 2.49307296365
61 9.24939033853 0. 3.31987072563
62 8.09076640489 0. 1.72096048378
63 5.30771993719 0. 12.8177076408
64 22.1777603008 0. 3.40294502479
65 10.4466420604 0. 8.00167922843
66 17.6306799738 0. 6.11574684834
67 13.8709542584 0. 5.72345969054
68 13.9484448274 0. 23.3769888883
69 25.5357632194 0. 6.56959749628
70 16.6620092064 0. 10.8057489545
71 16.335066616 0. 89.5100988868
72 45.7619995346 0. 0.0
73 0.0 0. 13.1432994559
74 25.557352244 0. 18.8143044851
75 21.0265540097 0. 10.2864761987
76 15.3308672088 0. 28.1107815189
77 46.0021098408 0. 0.0
78 0.0 0. 947.361747454
79 190.485560013 0. 9.95236716967
80 14.8350689831 0. 9.57334237858
81 8.94356490804 0. 92.0064289398
82 65.7690788504 0. 0.0
83 -0.0 0. 85.3479697968
84 47.030156501 0. 11.6279864278
85 10.4431297041 0. 0.0
86 0.0 0. 36.9838375106
87 29.4821485119 0. 0.0
88 0.0 0. 0.0
89 0.0 0. 0.0
90 0.0 0. 0.0
91 0.0 0. 0.0
92 -0.0 0. 0.0
93 0.0 0. 0.0
94 0.0 0. 0.0
95 0.0 0. 0.0
96 0.0 0. 0.0
97 1.0 0. 6.66368901356
