channel;bin;weight;err_stat;err_syst_up;err_syst_do;err_tot_up;err_tot_do;wnorm_prefit_err_rel
boost_wjetcr_ele;Wjets_boost_3;0.7933014240836367;0.044737793122610024;0.08715017897535653;0.09623686790219683;0.09796235924536591;0.10612730504967295;0.10985758543926226
boost_wjetcr_ele;Wjets_boost_2;0.8730087681104155;0.0511918289020896;0.09770941262754569;0.10152213147262219;0.11030744608756383;0.11369848954619055;0.11192260169280191
boost_wjetcr_ele;Wjets_boost_1;1.0784670777707561;0.08930180814769838;0.149656201849647;0.117734025720113;0.1742750460924071;0.1477704765868763;0.13876752006096807
boost_wjetcr_ele;Wjets_boost_7;0.5206828097939532;0.05552511515430347;0.07392502021934105;0.068054144544237;0.09245510817325696;0.08783168564104052;0.14197707093229175
boost_wjetcr_ele;Wjets_boost_6;0.7348466144356982;0.06511152237540012;0.11015245778608952;0.08935058042367017;0.12795731437615618;0.11055784263492564;0.14989857151437996
boost_wjetcr_ele;Wjets_boost_5;0.692844341952182;0.04199387713620582;0.08747932429864136;0.08749751645550348;0.09703668325266282;0.0970530839428189;0.126261151317418
boost_wjetcr_ele;Wjets_boost_4;0.6975797360848629;0.04726035022211696;0.1026598226160557;0.08000614723877202;0.1130158390787644;0.09292214105964852;0.14716571784643523
boost_wjetcr_mu;Wjets_boost_3;0.6631730914833495;0.03424941226341651;0.08558158296370258;0.06635886717296437;0.09218041865256728;0.07467611059012509;0.12904863611440923
boost_wjetcr_mu;Wjets_boost_2;0.5705958165781676;0.03316907373960588;0.06690919107386678;0.06391337008550853;0.07467949720574332;0.07200768242646467;0.11726197271322038
boost_wjetcr_mu;Wjets_boost_1;0.6382115028040027;0.05204968844131404;0.08256105375150147;0.07472828152696083;0.09759865605322737;0.09106857925108185;0.1293631553000327
boost_wjetcr_mu;Wjets_boost_7;0.6523107722615759;0.055304449263708456;0.10047251770516434;0.09177536155484473;0.1146878760914887;0.10715082406068828;0.15402553809869474
boost_wjetcr_mu;Wjets_boost_6;0.6372595369939178;0.04953503310333871;0.07449697297195554;0.09915301985664643;0.08946238587547918;0.11083790349533586;0.11690209192219053
boost_wjetcr_mu;Wjets_boost_5;0.6751778420207772;0.035566620165457793;0.08681836981175953;0.07918353761099609;0.09382117994762904;0.08680447625892332;0.12858592863758087
boost_wjetcr_mu;Wjets_boost_4;0.7815506095763846;0.04334842581241778;0.12260549094685777;0.09745015536676294;0.13004304068551578;0.10665654598486173;0.15687466613750362
res_wjetcr_ele;Wjets_res_6;0.7905479457390024;0.03895733716395855;0.1041323967128821;0.10594377921789831;0.11118106927024675;0.11287939791599319;0.1317217978670976
res_wjetcr_ele;Wjets_res_7;1.1661755077890463;0.009674972074375517;0.324560044807549;0.26034768298953653;0.3247042158182092;0.2605273903501514;0.27831149140053785
res_wjetcr_ele;Wjets_res_4;1.1801098811237098;0.02758981784000838;0.17357306778790582;0.13791637662605796;0.17575212064083265;0.14064894237108755;0.14708212393122938
res_wjetcr_ele;Wjets_res_5;1.050484368865061;0.04280080962417551;0.1138588483701879;0.1820859136325789;0.12163776821641523;0.18704862802997485;0.10838699912612747
res_wjetcr_ele;Wjets_res_2;1.4579236315596362;0.017624828323225462;0.24515638051529065;0.1826065282657926;0.2457891077342142;0.18345511368917705;0.16815447339517423
res_wjetcr_ele;Wjets_res_3;1.410894562887452;0.02345226107437118;0.19580905272219487;0.1511597941996936;0.19720850305568408;0.15296827099759672;0.13878361847356177
res_wjetcr_ele;Wjets_res_1;1.4114088497260069;0.009078564292935382;0.38969999471693667;0.2826605834457475;0.38980572880859693;0.28280633968055124;0.276107093130802
res_wjetcr_ele;Wjets_res_8;1.204731548217913;0.01754839006417581;0.20370382935982423;0.16692725745466244;0.20445829914606267;0.16784711875745625;0.16908649039792398
res_wjetcr_ele;Wjets_res_9;1.1072514188922145;0.02128632229820445;0.16039202862910074;0.15721360292026929;0.16179836329438352;0.15864811521148034;0.1448560154382734
res_wjetcr_ele;Wjets_res_18;0.6145271631679514;0.039524585251842825;0.09003639708958602;0.0939638246956296;0.09832978002723186;0.1019381831835412;0.1465132910080639
res_wjetcr_ele;Wjets_res_19;0.6042310715482051;0.04445664163309321;0.11473096863807711;0.11141818532101434;0.12304303373179934;0.11996001419440218;0.1898792929402075
res_wjetcr_ele;Wjets_res_21;0.42404573008963464;0.039017865949106514;0.07992960052853318;0.06567277196138478;0.08894456084479442;0.07638918012594777;0.1884928790855592
res_wjetcr_ele;Wjets_res_20;0.5715035532824312;0.06495965911571223;0.11618338978140959;0.090238596575584;0.13311024518619327;0.11118795629185985;0.20329425620210084
res_wjetcr_ele;Wjets_res_10;1.0818453174902394;0.026567123617821337;0.1614707228764986;0.1224009962820802;0.1636417012976326;0.12525101176505687;0.14925490757874027
res_wjetcr_ele;Wjets_res_11;0.9912914480007092;0.04108090947141771;0.1081819329018689;0.14511075926805048;0.11571936626763595;0.150813704875747;0.10913231736242265
res_wjetcr_ele;Wjets_res_12;0.7695070566178327;0.0366709370439842;0.11502717664399978;0.11167500613151937;0.12073114341533331;0.11754175691284668;0.149481639778031
res_wjetcr_ele;Wjets_res_13;0.8512756536234293;0.014001890423162652;0.1753201437304999;0.16639686486271352;0.17587838335936964;0.16698493815779433;0.20594990939098867
res_wjetcr_ele;Wjets_res_14;0.7653017127666883;0.03339720976040452;0.13541597401851233;0.1425798671309548;0.139473508736114;0.14643903895772187;0.1769445589360592
res_wjetcr_ele;Wjets_res_15;0.7736002781247938;0.053112981006958514;0.14343555195180344;0.09435472962121866;0.15295341223772696;0.10827651524379057;0.18541300463269095
res_wjetcr_ele;Wjets_res_16;0.6626306501539859;0.04848346459597768;0.1137395532995438;0.10567518211534663;0.1236419521198577;0.11626646315400282;0.1716484941846749
res_wjetcr_ele;Wjets_res_17;0.6702963639591193;0.02510791446319226;0.13740928428635876;0.11315963861417619;0.13968435408727903;0.11591165247714283;0.20499780645496568
res_wjetcr_mu;Wjets_res_6;0.4790422162101751;0.024297235248011383;0.07012534135275249;0.06331672687064918;0.07421535650077593;0.0678186076405996;0.1463865583862982
res_wjetcr_mu;Wjets_res_7;1.008097833984671;0.007474469808763838;0.29086992454926264;0.23051178548040008;0.2909659442378366;0.23063293551503894;0.2885334287442637
res_wjetcr_mu;Wjets_res_4;0.9373875574348409;0.01953543630958284;0.10060840796103729;0.0698584791634461;0.10248748715945903;0.0725385441185264;0.10732850800404474
res_wjetcr_mu;Wjets_res_5;0.8118134034617169;0.029418255487953186;0.07858503888369184;0.0925997090374307;0.08391091759899809;0.09716038220268235;0.09680184947500405
res_wjetcr_mu;Wjets_res_2;1.148398499424411;0.012038475198821034;0.1658989109032067;0.13812879584910367;0.16633512414394844;0.13865240397424053;0.1444611003814067
res_wjetcr_mu;Wjets_res_3;1.0158495752817494;0.015196138819541311;0.10017749194359164;0.14840612787565996;0.10132350431726657;0.14918210826392522;0.09861449409555258
res_wjetcr_mu;Wjets_res_1;1.1446524195496246;0.006237633767894314;0.33459260108978445;0.27098865959703133;0.3346507385006793;0.2710604392109223;0.2923093468158949
res_wjetcr_mu;Wjets_res_8;1.0174995277794723;0.013506927780505237;0.1665454779567246;0.14257586917710707;0.16709228984576646;0.14321422963405325;0.16368113538114668
res_wjetcr_mu;Wjets_res_9;0.9968532947221135;0.01686340690482008;0.14321161444283176;0.14400447972996996;0.14420104369858017;0.14498849842224334;0.14366368170830388
res_wjetcr_mu;Wjets_res_18;0.7373708710554874;0.03855802299017914;0.12295241611499208;0.10069955519594849;0.12885657827765468;0.10782913128451448;0.166744335776372
res_wjetcr_mu;Wjets_res_19;0.6053910721054128;0.0384945969708759;0.12343320447288422;0.10904519075775437;0.12929651952931687;0.11564033735399257;0.20389003102343675
res_wjetcr_mu;Wjets_res_21;0.5561575143954091;0.03849111737197484;0.10981059916825109;0.09536762027431524;0.11636122123041444;0.1028423507769495;0.19744514157580811
res_wjetcr_mu;Wjets_res_20;0.5511230782421099;0.05435865361815748;0.08402351283314671;0.08902808382760963;0.100074042248731;0.10431137489840077;0.15245870868110328
res_wjetcr_mu;Wjets_res_10;0.7939833610574646;0.018230679542533202;0.09430377881025995;0.13735484663503952;0.09604978071019721;0.1385594153088045;0.11877299126855971
res_wjetcr_mu;Wjets_res_11;0.6710097048188955;0.027217968459681843;0.09742006017445418;0.10514561393910762;0.10115080786363749;0.10861131588238906;0.14518427896769048
res_wjetcr_mu;Wjets_res_12;0.5969529703148246;0.026573418485704072;0.08093805458593077;0.09180475836080651;0.0851887037709312;0.09557332382889293;0.13558531175955985
res_wjetcr_mu;Wjets_res_13;0.9437841877888337;0.012921487456556299;0.21074364338271975;0.16917206866391418;0.21113940433825445;0.16966482739247413;0.2232964337710142
res_wjetcr_mu;Wjets_res_14;0.8985650970836295;0.03155902740063838;0.14506033408646357;0.13814247637037522;0.14845360465731597;0.14170150312616278;0.16143553155722315
res_wjetcr_mu;Wjets_res_15;0.7173771197628;0.043678922081543704;0.1152901175855183;0.09352900031809008;0.12328689892721044;0.10322558856556285;0.16071061427724212
res_wjetcr_mu;Wjets_res_16;0.6088036229375469;0.040720242167667044;0.08016366081695815;0.10573987695648245;0.08991301706521565;0.11330957462176573;0.13167408635014252
res_wjetcr_mu;Wjets_res_17;0.7435908629155868;0.02341166092652379;0.14926445683167042;0.12031430122452141;0.15108932437664854;0.12257094658394131;0.20073465702148502
