  -2.500	  -2.000	 +10.000	 +15.000	0.000	0.001	0.000	0.000	0.001	0.000	0.000	0.000	0.000	0.000
  -2.000	  -1.566	 +10.000	 +15.000	0.000	0.001	0.000	0.000	0.001	0.000	0.000	0.000	0.000	0.000
  -1.566	  -1.442	 +10.000	 +15.000	0.002	0.001	0.000	0.000	0.001	0.000	0.001	0.001	0.000	0.000
  -1.442	  -0.800	 +10.000	 +15.000	0.001	0.001	0.000	0.001	0.001	0.001	0.001	0.001	0.001	0.001
  -0.800	  +0.000	 +10.000	 +15.000	0.002	0.001	0.001	0.004	0.001	0.001	0.002	0.002	0.003	0.004
  +0.000	  +0.800	 +10.000	 +15.000	0.006	0.002	0.000	0.007	0.002	0.002	0.006	0.005	0.008	0.007
  +0.800	  +1.442	 +10.000	 +15.000	0.002	0.001	0.000	0.001	0.001	0.002	0.002	0.002	0.004	0.001
  +1.442	  +1.566	 +10.000	 +15.000	0.001	0.001	0.000	0.000	0.001	0.000	0.001	0.002	0.000	0.000
  +1.566	  +2.000	 +10.000	 +15.000	0.000	0.001	0.000	0.000	0.001	0.000	0.000	0.000	0.000	0.000
  +2.000	  +2.500	 +10.000	 +15.000	0.000	0.001	0.000	0.000	0.001	0.000	0.000	0.000	0.000	0.000
  -2.500	  -2.000	 +15.000	 +20.000	0.009	0.001	0.001	0.013	0.002	0.001	0.009	0.009	0.013	0.013
  -2.000	  -1.566	 +15.000	 +20.000	0.020	0.002	0.001	0.025	0.002	0.005	0.020	0.020	0.029	0.023
  -1.566	  -1.442	 +15.000	 +20.000	0.035	0.006	0.002	0.050	0.008	0.009	0.035	0.037	0.042	0.046
  -1.442	  -0.800	 +15.000	 +20.000	0.045	0.002	0.000	0.055	0.003	0.002	0.045	0.045	0.057	0.055
  -0.800	  +0.000	 +15.000	 +20.000	0.183	0.004	0.004	0.188	0.004	0.011	0.181	0.180	0.199	0.186
  +0.000	  +0.800	 +15.000	 +20.000	0.203	0.004	0.002	0.224	0.005	0.016	0.204	0.205	0.240	0.222
  +0.800	  +1.442	 +15.000	 +20.000	0.067	0.003	0.006	0.077	0.003	0.005	0.069	0.072	0.082	0.078
  +1.442	  +1.566	 +15.000	 +20.000	0.010	0.003	0.001	0.015	0.004	0.007	0.010	0.009	0.022	0.012
  +1.566	  +2.000	 +15.000	 +20.000	0.007	0.001	0.001	0.012	0.002	0.002	0.007	0.008	0.010	0.012
  +2.000	  +2.500	 +15.000	 +20.000	0.010	0.002	0.002	0.010	0.001	0.003	0.010	0.012	0.007	0.008
  -2.500	  -2.000	 +20.000	 +35.000	0.440	0.002	0.001	0.456	0.002	0.000	0.440	0.439	0.456	0.456
  -2.000	  -1.566	 +20.000	 +35.000	0.491	0.001	0.001	0.542	0.002	0.008	0.491	0.490	0.534	0.541
  -1.566	  -1.442	 +20.000	 +35.000	0.547	0.003	0.008	0.583	0.004	0.009	0.548	0.556	0.591	0.580
  -1.442	  -0.800	 +20.000	 +35.000	0.637	0.001	0.000	0.677	0.001	0.006	0.637	0.638	0.672	0.676
  -0.800	  +0.000	 +20.000	 +35.000	0.759	0.001	0.001	0.787	0.001	0.002	0.759	0.760	0.785	0.785
  +0.000	  +0.800	 +20.000	 +35.000	0.772	0.001	0.001	0.803	0.001	0.003	0.772	0.773	0.800	0.801
  +0.800	  +1.442	 +20.000	 +35.000	0.639	0.001	0.001	0.676	0.001	0.002	0.639	0.640	0.675	0.675
  +1.442	  +1.566	 +20.000	 +35.000	0.507	0.003	0.006	0.552	0.004	0.014	0.507	0.512	0.538	0.548
  +1.566	  +2.000	 +20.000	 +35.000	0.443	0.001	0.003	0.493	0.002	0.002	0.443	0.446	0.491	0.493
  +2.000	  +2.500	 +20.000	 +35.000	0.452	0.002	0.000	0.474	0.002	0.005	0.452	0.452	0.469	0.472
  -2.500	  -2.000	 +35.000	 +50.000	0.561	0.001	0.000	0.572	0.001	0.003	0.561	0.561	0.575	0.573
  -2.000	  -1.566	 +35.000	 +50.000	0.638	0.001	0.000	0.675	0.001	0.003	0.638	0.638	0.672	0.675
  -1.566	  -1.442	 +35.000	 +50.000	0.700	0.002	0.001	0.729	0.002	0.001	0.700	0.699	0.730	0.729
  -1.442	  -0.800	 +35.000	 +50.000	0.784	0.001	0.000	0.809	0.001	0.001	0.784	0.784	0.810	0.809
  -0.800	  +0.000	 +35.000	 +50.000	0.840	0.001	0.000	0.853	0.001	0.000	0.840	0.840	0.853	0.853
  +0.000	  +0.800	 +35.000	 +50.000	0.839	0.001	0.000	0.858	0.001	0.000	0.840	0.839	0.858	0.858
  +0.800	  +1.442	 +35.000	 +50.000	0.777	0.001	0.000	0.800	0.001	0.001	0.777	0.777	0.800	0.800
  +1.442	  +1.566	 +35.000	 +50.000	0.679	0.002	0.001	0.716	0.002	0.001	0.679	0.679	0.717	0.717
  +1.566	  +2.000	 +35.000	 +50.000	0.621	0.001	0.001	0.663	0.001	0.002	0.621	0.621	0.661	0.663
  +2.000	  +2.500	 +35.000	 +50.000	0.606	0.001	0.000	0.619	0.001	0.001	0.606	0.606	0.619	0.619
  -2.500	  -2.000	 +50.000	 +90.000	0.626	0.003	0.000	0.626	0.003	0.002	0.626	0.626	0.624	0.627
  -2.000	  -1.566	 +50.000	 +90.000	0.717	0.002	0.000	0.748	0.002	0.003	0.717	0.717	0.751	0.747
  -1.566	  -1.442	 +50.000	 +90.000	0.770	0.004	0.005	0.784	0.005	0.002	0.768	0.765	0.782	0.785
  -1.442	  -0.800	 +50.000	 +90.000	0.829	0.001	0.000	0.846	0.001	0.003	0.829	0.829	0.843	0.846
  -0.800	  +0.000	 +50.000	 +90.000	0.888	0.001	0.000	0.894	0.001	0.002	0.888	0.888	0.896	0.893
  +0.000	  +0.800	 +50.000	 +90.000	0.886	0.001	0.000	0.898	0.001	0.001	0.886	0.886	0.899	0.897
  +0.800	  +1.442	 +50.000	 +90.000	0.816	0.001	0.000	0.829	0.001	0.003	0.816	0.815	0.832	0.828
  +1.442	  +1.566	 +50.000	 +90.000	0.732	0.005	0.001	0.766	0.005	0.013	0.732	0.731	0.754	0.765
  +1.566	  +2.000	 +50.000	 +90.000	0.699	0.002	0.000	0.729	0.002	0.002	0.699	0.699	0.731	0.728
  +2.000	  +2.500	 +50.000	 +90.000	0.649	0.003	0.001	0.655	0.003	0.002	0.650	0.649	0.656	0.654
  -2.500	  -2.000	 +90.000	+150.000	0.592	0.013	0.007	0.604	0.016	0.024	0.593	0.599	0.628	0.601
  -2.000	  -1.566	 +90.000	+150.000	0.740	0.008	0.006	0.758	0.010	0.027	0.738	0.735	0.730	0.757
  -1.566	  -1.442	 +90.000	+150.000	0.769	0.019	0.001	0.806	0.021	0.009	0.769	0.768	0.816	0.806
  -1.442	  -0.800	 +90.000	+150.000	0.839	0.004	0.007	0.844	0.005	0.014	0.844	0.844	0.830	0.844
  -0.800	  +0.000	 +90.000	+150.000	0.917	0.003	0.001	0.914	0.003	0.003	0.915	0.916	0.917	0.913
  +0.000	  +0.800	 +90.000	+150.000	0.908	0.003	0.001	0.920	0.003	0.002	0.907	0.909	0.922	0.919
  +0.800	  +1.442	 +90.000	+150.000	0.814	0.005	0.003	0.823	0.006	0.008	0.812	0.812	0.831	0.821
  +1.442	  +1.566	 +90.000	+150.000	0.750	0.018	0.002	0.762	0.022	0.055	0.751	0.752	0.817	0.764
  +1.566	  +2.000	 +90.000	+150.000	0.712	0.008	0.003	0.742	0.011	0.003	0.709	0.712	0.739	0.742
  +2.000	  +2.500	 +90.000	+150.000	0.623	0.014	0.012	0.622	0.016	0.010	0.630	0.632	0.613	0.626
  -2.500	  -2.000	+150.000	+500.000	0.647	0.032	0.008	0.512	0.039	0.119	0.641	0.640	0.630	0.500
  -2.000	  -1.566	+150.000	+500.000	0.765	0.018	0.009	0.749	0.023	0.046	0.763	0.755	0.703	0.750
  -1.566	  -1.442	+150.000	+500.000	0.806	0.034	0.000	0.746	0.048	0.033	0.806	0.807	0.774	0.762
  -1.442	  -0.800	+150.000	+500.000	0.802	0.009	0.003	0.800	0.011	0.013	0.802	0.805	0.812	0.798
  -0.800	  +0.000	+150.000	+500.000	0.891	0.006	0.002	0.881	0.007	0.005	0.891	0.893	0.877	0.878
  +0.000	  +0.800	+150.000	+500.000	0.886	0.006	0.001	0.891	0.007	0.007	0.888	0.887	0.899	0.890
  +0.800	  +1.442	+150.000	+500.000	0.796	0.010	0.001	0.788	0.012	0.024	0.796	0.797	0.812	0.787
  +1.442	  +1.566	+150.000	+500.000	0.737	0.043	0.014	0.736	0.048	0.030	0.741	0.750	0.709	0.723
  +1.566	  +2.000	+150.000	+500.000	0.695	0.018	0.004	0.704	0.023	0.066	0.692	0.692	0.770	0.714
  +2.000	  +2.500	+150.000	+500.000	0.627	0.030	0.000	0.620	0.038	0.101	0.627	0.627	0.520	0.628
