0 0.696790104824
1 0.75087045399
2 0.796396177711
3 0.834333745514
4 0.865570978569
5 0.890921466292
6 0.91112898296
7 0.926871904313
8 0.938767624162
9 0.947376971001
10 0.953208624608
11 0.956723532659
12 0.95833932733
13 0.95843474191
14 0.957354027404
15 0.955411369142
16 0.952895303389
17 0.950073133948
18 0.947195348772
19 0.944500036568
20 0.942217303409
21 0.940573689336
22 0.939796584971
23 0.940118648119
24 0.941782220382
25 0.945043743761
26 0.950178177265
27 0.957483413523
28 0.967284695384
29 0.979939032531
30 0.995839618085
31 1.01542024521
32 1.03915972374
33 1.06758629675
34 1.10128205719
35 1.14088736451
36 1.1871052612
37 1.24070588948
38 1.30253090786
39 1.37349790774
40 1.45460483007
41 1.54693438189
42 1.65165845299
43 1.77004253248
44 1.90345012544
45 2.05334716947
46 2.22130645135
47 2.40901202365
48 2.61826362126
49 2.85098107811
50 3.10920874369
51 3.39511989969
52 3.71102117661
53 4.05935697037
54 4.4427138589
55 4.86382501877
56 5.32557464177
57 5.83100235155
58 6.38330762021
59 6.9858541849
60 7.64217446444
61 8.35597397593
62 9.13113575134
63 9.97172475414
64 10.8819922959
65 11.8663804529
66 12.9295264826
67 14.0762672407
68 15.3116435971
69 16.640904853
70 18.0695131573
71 19.6031479233
72 21.2477102451
73 23.0093273145
74 24.8943568375
75 26.9093914509
76 29.0612631386
77 31.357047649
78 33.8040689106
79 36.4099034494
80 39.1823848051
81 42.129607948
82 45.2599336951
83 48.5819931274
84 52.104692006
85 55.8372151888
86 59.7890310472
87 63.9698958828
88 68.3898583436
89 73.0592638411
90 77.9887589667
91 83.1892959082
92 88.6721368666
93 94.4488584725
94 100.531356203
95 106.931848798
96 113.662882677
97 120.737336355
98 128.168424862
99 135.969704154
100 144.155075535
