0 0.673773548631
1 0.730282610715
2 0.777193981178
3 0.815689772897
4 0.846850100761
5 0.871658722245
6 0.891008677987
7 0.90570793236
8 0.916485014044
9 0.923994656606
10 0.928823439065
11 0.931495426476
12 0.932477810496
13 0.932186549963
14 0.930992011465
15 0.929224609921
16 0.927180449147
17 0.925126962438
18 0.923308553134
19 0.9219522352
20 0.921273273798
21 0.92148082586
22 0.922783580663
23 0.925395400404
24 0.929540960771
25 0.93546139152
26 0.943419917048
27 0.953707496964
28 0.96664846667
29 0.982606177927
30 1.00198863943
31 1.0252541574
32 1.05291697612
33 1.08555291855
34 1.12380502688
35 1.16838920309
36 1.22009984955
37 1.2798155096
38 1.3485045081
39 1.42723059199
40 1.51715857091
41 1.61955995775
42 1.73581860922
43 1.86743636642
44 2.01603869544
45 2.1833803279
46 2.37135090155
47 2.58198060083
48 2.81744579745
49 3.08007469095
50 3.37235294932
51 3.6969293495
52 4.05662141801
53 4.45442107153
54 4.89350025741
55 5.37721659433
56 5.90911901279
57 6.49295339575
58 7.13266821917
59 7.8324201926
60 8.59657989973
61 9.42973743899
62 10.3367080641
63 11.3225378247
64 12.3925092068
65 13.5521467736
66 14.8072228057
67 16.1637629419
68 17.62805182
69 19.2066387167
70 20.906343189
71 22.7342607142
72 24.6977683305
73 26.804530278
74 29.0625036387
75 31.4799439777
76 34.0654109832
77 36.8277741072
78 39.7762182066
79 42.920249183
80 46.2696996237
81 49.8347344424
82 53.6258565194
83 57.6539123423
84 61.9300976469
85 66.4659630572
86 71.2734197265
87 76.3647449776
88 81.7525879437
89 87.4499752087
90 93.4703164478
91 99.8274100683
92 106.53544885
93 113.609025586
94 121.063138722
95 128.913197999
96 137.175030093
97 145.864884255
98 154.999437952
99 164.595802507
100 174.671528741
