0 0.673870162472
1 0.730387327512
2 0.777305424698
3 0.815806736412
4 0.846971532422
5 0.871783711268
6 0.891136441642
7 0.905837803773
8 0.916616430806
9 0.924127150191
10 0.92895662506
11 0.931628995613
12 0.932611520499
13 0.932320218201
14 0.931125508416
15 0.92935785344
16 0.92731339955
17 0.925259618387
18 0.923440948337
19 0.922084435918
20 0.921405377158
21 0.921612958981
22 0.92291590059
23 0.925528094845
24 0.929674249653
25 0.935595529346
26 0.943555196063
27 0.953844251138
28 0.966787076477
29 0.982747075944
30 1.00213231674
31 1.02540117081
32 1.05306795616
33 1.08570857833
34 1.1239661717
35 1.16855674093
36 1.2202748023
37 1.27999902511
38 1.34869787306
39 1.42743524566
40 1.51737611955
41 1.61979218994
42 1.73606751199
43 1.86770414215
44 2.01632777958
45 2.18369340752
46 2.37169093467
47 2.58235083659
48 2.81784979707
49 3.0805163495
50 3.37283651827
51 3.69745946016
52 4.0572031057
53 4.45505980057
54 4.89420194696
55 5.377987645
56 5.9099663341
57 6.49388443433
58 7.13369098784
59 7.83354330021
60 8.59781258185
61 9.43108958936
62 10.338190267
63 11.3241613878
64 12.3942861954
65 13.5540900451
66 14.8093460453
67 16.1660806987
68 17.6305795443
69 19.209392798
70 20.9093409946
71 22.7375206288
72 24.7013097967
73 26.8083738373
74 29.0666709738
75 31.4844579547
76 34.0702956959
77 36.8330549211
78 39.7819218043
79 42.92640361
80 46.2763343357
81 49.8418803524
82 53.6335460465
83 57.6621794611
84 61.938977937
85 66.4754937549
86 71.2836397757
87 76.375695083
88 81.7643106235
89 87.4625148491
90 93.483719358
91 99.8417245358
92 106.550725198
93 113.625316229
94 121.080498226
95 128.93168314
96 137.194699916
97 145.885800135
98 155.021663655
99 164.619404254
100 174.696575268
