0 0.759240374626
1 0.769329818246
2 0.779419261866
3 0.789508705485
4 0.799598149105
5 0.809687592725
6 0.819777036344
7 0.829866479964
8 0.839955923584
9 0.850045367204
10 0.860134810823
11 0.870224254443
12 0.880313698063
13 0.890403141683
14 0.900492585302
15 0.910582028922
16 0.920671472542
17 0.930760916161
18 0.940850359781
19 0.950939803401
20 0.961029247021
21 0.97111869064
22 0.98120813426
23 0.99129757788
24 1.0013870215
25 1.01147646512
26 1.02156590874
27 1.03165535236
28 1.04174479598
29 1.0518342396
30 1.06192368322
31 1.07201312684
32 1.08210257046
33 1.09219201408
34 1.1022814577
35 1.11237090132
36 1.12246034494
37 1.13254978856
38 1.14263923218
39 1.1527286758
40 1.16281811942
41 1.17290756303
42 1.18299700665
43 1.19308645027
44 1.20317589389
45 1.21326533751
46 1.22335478113
47 1.23344422475
48 1.24353366837
49 1.25362311199
50 1.26371255561
51 1.27380199923
52 1.28389144285
53 1.29398088647
54 1.30407033009
55 1.31415977371
56 1.32424921733
57 1.33433866095
58 1.34442810457
59 1.35451754819
60 1.36460699181
61 1.37469643543
62 1.38478587905
63 1.39487532267
64 1.40496476629
65 1.41505420991
66 1.42514365353
67 1.43523309715
68 1.44532254077
69 1.45541198439
70 1.46550142801
71 1.47559087163
72 1.48568031525
73 1.49576975887
74 1.50585920249
75 1.51594864611
76 1.52603808972
77 1.53612753334
78 1.54621697696
79 1.55630642058
80 1.5663958642
81 1.57648530782
82 1.58657475144
83 1.59666419506
84 1.60675363868
85 1.6168430823
86 1.62693252592
87 1.63702196954
88 1.64711141316
89 1.65720085678
90 1.6672903004
91 1.67737974402
92 1.68746918764
93 1.69755863126
94 1.70764807488
95 1.7177375185
96 1.72782696212
97 1.73791640574
98 1.74800584936
99 1.75809529298
100 1.7681847366