0 0.741612551779
1 0.752608820499
2 0.763605089219
3 0.77460135794
4 0.78559762666
5 0.79659389538
6 0.807590164101
7 0.818586432821
8 0.829582701542
9 0.840578970262
10 0.851575238982
11 0.862571507703
12 0.873567776423
13 0.884564045143
14 0.895560313864
15 0.906556582584
16 0.917552851305
17 0.928549120025
18 0.939545388745
19 0.950541657466
20 0.961537926186
21 0.972534194906
22 0.983530463627
23 0.994526732347
24 1.00552300107
25 1.01651926979
26 1.02751553851
27 1.03851180723
28 1.04950807595
29 1.06050434467
30 1.07150061339
31 1.08249688211
32 1.09349315083
33 1.10448941955
34 1.11548568827
35 1.12648195699
36 1.13747822571
37 1.14847449443
38 1.15947076315
39 1.17046703187
40 1.11244931751
41 1.1200393653
42 1.13018790742
43 1.14289494387
44 1.15816047465
45 1.17598449977
46 1.19636701922
47 1.219308033
48 1.24480754111
49 1.27286554356
50 1.30348204034
51 1.33665703145
52 1.37239051689
53 1.41068249666
54 1.45153297077
55 1.49494193921
56 1.54090940198
57 1.58943535908
58 1.64051981051
59 1.69416275628
60 1.75036419638
61 1.80912413081
62 1.87044255957
63 1.93431948267
64 2.00075490009
65 2.06974881185
66 2.14130121795
67 2.21541211837
68 2.29208151312
69 2.37130940221
70 2.45309578563
71 2.53744066338
72 2.62434403547
73 2.71380590189
74 2.80582626263
75 2.90040511771
76 2.99754246713
77 3.09723831087
78 3.19949264895
79 3.30430548136
80 3.4116768081
81 3.52160662917
82 3.63409494458
83 3.74914175432
84 3.86674705839
85 3.98691085679
86 4.10963314952
87 4.23491393659
88 4.36275321799
89 4.49315099372
90 4.62610726378
91 4.76162202818
92 4.8996952869
93 5.04032703996
94 5.18351728735
95 5.32926602908
96 5.47757326513
97 5.62843899552
98 5.78186322024
99 5.93784593929
100 6.09638715268
