0 0.706579295978
1 0.718766842277
2 0.730954388577
3 0.743141934876
4 0.755329481176
5 0.767517027475
6 0.779704573775
7 0.791892120074
8 0.804079666373
9 0.816267212673
10 0.828454758972
11 0.840642305272
12 0.852829851571
13 0.865017397871
14 0.87720494417
15 0.889392490469
16 0.901580036769
17 0.913767583068
18 0.925955129368
19 0.938142675667
20 0.950330221967
21 0.962517768266
22 0.974705314566
23 0.986892860865
24 0.999080407164
25 1.01126795346
26 1.02345549976
27 1.03564304606
28 1.04783059236
29 1.06001813866
30 1.07220568496
31 1.08439323126
32 1.09658077756
33 1.10876832386
34 1.12095587016
35 1.13314341646
36 1.14533096276
37 1.15751850906
38 1.16970605536
39 1.18189360166
40 1.10449994785
41 1.11210485522
42 1.12228855069
43 1.13505103427
44 1.15039230596
45 1.16831236575
46 1.18881121365
47 1.21188884965
48 1.23754527377
49 1.26578048599
50 1.29659448632
51 1.32998727475
52 1.36595885129
53 1.40450921594
54 1.4456383687
55 1.48934630956
56 1.53563303853
57 1.58449855561
58 1.63594286079
59 1.68996595409
60 1.74656783548
61 1.80574850499
62 1.8675079626
63 1.93184620832
64 1.99876324215
65 2.06825906408
66 2.14033367412
67 2.21498707227
68 2.29221925853
69 2.37203023289
70 2.45441999536
71 2.53938854593
72 2.62693588461
73 2.7170620114
74 2.8097669263
75 2.90505062931
76 3.00291312042
77 3.10335439964
78 3.20637446696
79 3.31197332239
80 3.42015096593
81 3.53090739758
82 3.64424261733
83 3.76015662519
84 3.87864942116
85 3.99972100523
86 4.12337137742
87 4.24960053771
88 4.3784084861
89 4.5097952226
90 4.64376074721
91 4.78030505993
92 4.91942816075
93 5.06113004969
94 5.20541072672
95 5.35227019187
96 5.50170844512
97 5.65372548648
98 5.80832131595
99 5.96549593352
100 6.1252493392
