0 1.0 0. 0.24334462478
1 1.20931622867 0. 0.0976034552022
2 1.00651709944 0. 0.0419434485568
3 0.843049316573 0. 0.027402831252
4 0.879343074565 0. 0.0185029422281
5 0.888186525662 0. 0.0124214482513
6 0.895520884922 0. 0.00937158796009
7 0.925649180076 0. 0.00733325431554
8 0.952554217195 0. 0.00583655603399
9 0.952168435937 0. 0.00485980891197
10 0.956012705131 0. 0.00419730008769
11 0.961565915376 0. 0.00365314874439
12 0.955853272617 0. 0.00326103711339
13 0.953778895091 0. 0.00296546420508
14 0.953353578431 0. 0.00272349656231
15 0.949689075347 0. 0.00253862804062
16 0.946995224511 0. 0.00240502071994
17 0.949911442046 0. 0.00231448457067
18 0.963812745494 0. 0.00217538863926
19 0.939815213814 0. 0.00211183918918
20 0.940134682595 0. 0.0020590059756
21 0.938801119777 0. 0.00202352947445
22 0.937571079356 0. 0.0020106755864
23 0.939317133179 0. 0.00205487750198
24 0.966822581815 0. 0.00202786403573
25 0.943655443108 0. 0.00204993827129
26 0.943835312375 0. 0.00211202206097
27 0.953752382487 0. 0.00217578424074
28 0.959141203224 0. 0.00228233044511
29 0.973373494667 0. 0.00241726899935
30 0.991815459807 0. 0.00259423597535
31 1.01542455895 0. 0.00276230637224
32 1.03036080767 0. 0.00301700540674
33 1.0615326405 0. 0.00336683759715
34 1.10601751709 0. 0.00368035758665
35 1.13385506741 0. 0.00445578587348
36 1.28031552286 0. 0.00473499360464
37 1.23883676926 0. 0.00538701045678
38 1.29619510743 0. 0.00618441072898
39 1.35534519272 0. 0.00726847314267
40 1.44557336821 0. 0.00844248099691
41 1.52097726686 0. 0.0100787269653
42 1.62919301075 0. 0.0120757393821
43 1.74356547274 0. 0.0145207696977
44 1.88015914727 0. 0.0177120223826
45 2.0273097745 0. 0.0217563166328
46 2.21073566725 0. 0.026320226779
47 2.38210020617 0. 0.0332965008187
48 2.64964686757 0. 0.0380862672728
49 2.74511218568 0. 0.0478355469489
50 2.98703046973 0. 0.0650024705243
51 3.4806810402 0. 0.0814041045711
52 3.83752578702 0. 0.102824570719
53 4.29809546145 0. 0.123706423525
54 4.56792018066 0. 0.162890393565
55 5.16162509194 0. 0.203784023928
56 5.70007241096 0. 0.246118272397
57 6.26357191625 0. 0.326725542482
58 7.17233835321 0. 0.393151995766
59 7.87370413997 0. 0.491611361231
60 8.9036359019 0. 0.696954460289
61 10.5671593149 0. 0.690306679888
62 9.56289406173 0. 0.983412100675
63 11.9910844604 0. 1.45829428494
64 13.9777168074 0. 1.39134215217
65 12.6263996891 0. 1.97340872206
66 16.5413810165 0. 2.42008566807
67 16.8590160444 0. 3.0120777849
68 19.2906678686 0. 4.03424109778
69 23.6721165303 0. 3.59101680048
70 19.3904987809 0. 3.11923555404
71 16.9675968375 0. 8.94930002397
72 30.9173604136 0. 5.36535073571
73 23.7161957915 0. 7.3021885906
74 31.5387284179 0. 16.3052712526
75 37.2008756767 0. 23.9434229245
76 50.1564259757 0. 21.7064209975
77 53.3080452824 0. 11.6215579694
78 33.9232526112 0. 7.68635402485
79 24.7156645503 0. 36.3030057317
80 63.349745452 0. 12.7385788333
81 31.0212065431 0. 67.9820468062
82 88.3495403899 0. 13.8906931028
83 28.199346081 0. 60.1425068157
84 99.9827312682 0. 80.4164868229
85 114.631204558 0. 17.4542787018
86 34.6651412954 0. 93.8958915279
87 74.2614872309 0. 42.756005163
88 57.9578280097 0. 22.1181994282
89 26.7570029937 0. 90.7423505158
90 -87.1824303602 0. 236.68866793
91 -65.6610902532 0. 96.4361692558
92 1.0 0. 26.545864617
93 90.9208923099 0. 136.789095183
94 24.7442433123 0. 205.713024902
95 -128.327127206 0. 726.134707897
96 185.850115501 0. 159.015548549
