0 0.679417357525
1 0.737927816683
2 0.787019937159
3 0.827781518002
4 0.861210737377
5 0.888221050501
6 0.909646087577
7 0.926244551725
8 0.938705116913
9 0.947651325894
10 0.953646488134
11 0.95719857775
12 0.958765131436
13 0.958758146402
14 0.957548978303
15 0.955473239174
16 0.952835695358
17 0.949915165447
18 0.946969418206
19 0.944240070511
20 0.94195748528
21 0.940345669407
22 0.939627171692
23 0.940027980775
24 0.941782423071
25 0.9451380607
26 0.950360589418
27 0.957738736556
28 0.967589158946
29 0.980261340858
30 0.996142491929
31 1.0156624451
32 1.03929855455
33 1.06758059361
34 1.10109565273
35 1.14049303739
36 1.18648916602
37 1.23987246796
38 1.30150828138
39 1.37234375121
40 1.45341272709
41 1.54584066126
42 1.65084950655
43 1.76976261427
44 1.90400963215
45 2.0551314023
46 2.22478485912
47 2.4147479272
48 2.62692441934
49 2.86334893439
50 3.12619175524
51 3.41776374673
52 3.7405212536
53 4.0970709984
54 4.49017497943
55 4.92275536869
56 5.39789940979
57 5.91886431589
58 6.48908216765
59 7.11216481112
60 7.79190875573
61 8.53230007217
62 9.33751929037
63 10.2119462974
64 11.1601652353
65 12.1869693994
66 13.2973661357
67 14.4965817391
68 15.7900663516
69 17.1834988595
70 18.6827917922
71 20.2940962195
72 22.0238066497
73 23.8785659277
74 25.8652701327
75 27.9910734762
76 30.2633932003
77 32.6899144749
78 35.2785952962
79 38.0376713845
80 40.9756610822
81 44.1013702514
82 47.4238971721
83 50.9526374404
84 54.6972888658
85 58.6678563696
86 62.8746568827
87 67.3283242435
88 72.0398140959
89 77.0204087873
90 82.2817222661
91 87.8357049804
92 93.6946487751
93 99.8711917906
94 106.37832336
95 113.229388908
96 120.438094847
97 128.018513477
98 135.985087884
99 144.352636834
100 153.136359677
