0 1.0 0. 0.0993792090489
1 1.62017654947 0. 0.0846159242905
2 1.36950798521 0. 0.0524317649203
3 0.954857667981 0. 0.0402551928045
4 0.870044178007 0. 0.0328955932495
5 0.882216363911 0. 0.0230017913709
6 0.818904955953 0. 0.0196145789406
7 0.852118525499 0. 0.0145736959322
8 0.823470982874 0. 0.0120329294308
9 0.824215569491 0. 0.0108901830311
10 0.859415140489 0. 0.00928147616084
11 0.852705458235 0. 0.00824004946968
12 0.856177604832 0. 0.00792182138508
13 0.888794168654 0. 0.00738727734158
14 0.901999749147 0. 0.00694229803458
15 0.907347561293 0. 0.00657502311541
16 0.911544113357 0. 0.0065454300048
17 0.93868417905 0. 0.00631583280344
18 0.937962331639 0. 0.00612152977184
19 0.939506580287 0. 0.00620632078963
20 0.957976148186 0. 0.00617880500473
21 0.965948421002 0. 0.00634758191249
22 0.983370014693 0. 0.00651742146178
23 1.00243702698 0. 0.00664605967441
24 1.01046998835 0. 0.00688416377462
25 1.02459562459 0. 0.00712292624112
26 1.03455812406 0. 0.00743791015993
27 1.04750793536 0. 0.00766352465735
28 1.04678836439 0. 0.00827101274637
29 1.07058759974 0. 0.0086616224854
30 1.0685847907 0. 0.00921878927959
31 1.07823948501 0. 0.0101457419546
32 1.09750505182 0. 0.0108089879209
33 1.10000959883 0. 0.0112024588794
34 1.08083972273 0. 0.0122909144075
35 1.10332428081 0. 0.0132683783492
36 1.10010016294 0. 0.0144548111705
37 1.11354298617 0. 0.0148322788743
38 1.08240164687 0. 0.0165737913139
39 1.11062119142 0. 0.018779482006
40 1.14688257101 0. 0.0210040045931
41 1.17197731487 0. 0.0208948736309
42 1.11508948388 0. 0.0240506999762
43 1.1524794067 0. 0.0261695780426
44 1.16728658096 0. 0.0313359024148
45 1.22721512715 0. 0.0335869568086
46 1.20368875639 0. 0.0356696201785
47 1.21594979979 0. 0.0393308933035
48 1.20083315105 0. 0.0458750673982
49 1.27957034129 0. 0.0470934588562
50 1.19493630615 0. 0.0605127994206
51 1.36250325082 0. 0.0694813680779
52 1.38288554802 0. 0.0669541125285
53 1.29848179689 0. 0.107425946658
54 1.65517146447 0. 0.108703505629
55 1.54501095814 0. 0.0832982585671
56 1.27593225574 0. 0.128367253668
57 1.54200551222 0. 0.124511380508
58 1.47589889155 0. 0.230037694938
59 1.90042786477 0. 0.216409736224
60 1.84361720983 0. 0.245319049222
61 2.04142201121 0. 0.425613234641
62 2.34855732814 0. 0.446879659553
63 2.23699882603 0. 0.302907174507
64 1.89910357231 0. 0.469883411354
65 2.79839394839 0. 0.367056091885
66 2.31853473565 0. 0.536239019701
67 2.44332043251 0. 0.493447034823
68 2.88666117286 0. 1.21476377019
69 3.84623165004 0. 0.692680180171
70 1.84258684072 0. 0.939842059606
71 3.09522059692 0. 7.03007229954
72 10.582718272 0. 10.9863708512
73 9.55188131733 0. 0.928150669265
74 1.69164284386 0. 1.6946867812
75 4.85424082024 0. 5.50910733035
76 8.05898027066 0. 2.52985485305
77 6.37691644017 0. 2.41787672916
78 5.12482508494 0. 1.32333927369
79 3.23416570975 0. 7.04080291463
80 14.1665411799 0. 8.58493139026
81 14.2068373237 0. 7.16281136284
82 7.22464177496 0. 1.72201373131
83 2.41954603093 0. 1.29687844074
84 1.30311922665 0. 1.44874835424
85 2.64680741589 0. 95.513537668
86 123.100134386 0. 4.78248678434
87 -4.0629665223 0. 1.36494619112
88 1.77442185995 0. 288.021641505
89 -170.513371982 0. 54.4434337395
90 51.6363860763 0. 768.992979195
91 742.378182312 0. 24.154384145
92 21.3440596458 0. 36.1091045827
93 25.203671539 0. 15.9790148679
94 16.1097351324 0. 11136.0296621
95 9395.96221108 0. 99814.6668149
96 59513.9947678 0. 1.49128411371
97 1.20544434833 0. 0.0
98 0.0 0. 11.2830964857
