0 1.0 0. 0.0760061475158
1 1.60716642716 0. 0.0618461629468
2 1.30958095086 0. 0.0412067831592
3 0.975513568023 0. 0.0342346673164
4 0.935289145575 0. 0.022983102332
5 0.820526625965 0. 0.0166595405125
6 0.797356812532 0. 0.0128820022354
7 0.792458382141 0. 0.0105539507848
8 0.800270495869 0. 0.00900471470651
9 0.826092014909 0. 0.00776912517602
10 0.836056605936 0. 0.00671474985617
11 0.837282627338 0. 0.00611946462033
12 0.853985632382 0. 0.0055630690302
13 0.857596770721 0. 0.00517067792221
14 0.870724863518 0. 0.00502084339419
15 0.895341755385 0. 0.00469017612064
16 0.89205647869 0. 0.00457497893055
17 0.905636394842 0. 0.00455884946665
18 0.926766329769 0. 0.00446574932502
19 0.93380233424 0. 0.00453730432274
20 0.956445123552 0. 0.00443848354046
21 0.955403847968 0. 0.00454205861954
22 0.97445180257 0. 0.00462253493214
23 0.985374597992 0. 0.00474043448203
24 0.999416683418 0. 0.00494668470464
25 1.01739481798 0. 0.00520227889926
26 1.03532056978 0. 0.0053910589444
27 1.03924148253 0. 0.00572650751678
28 1.05454671708 0. 0.00605127002054
29 1.06087663347 0. 0.00646394453323
30 1.07054393368 0. 0.00704088215118
31 1.09128350876 0. 0.00765209083936
32 1.10245625258 0. 0.00815349675181
33 1.106681879 0. 0.00865672824464
34 1.10653012037 0. 0.00911467758865
35 1.09932861428 0. 0.00957185570986
36 1.08697536317 0. 0.0102643562464
37 1.09127372314 0. 0.0112511124947
38 1.10673946299 0. 0.0121887600295
39 1.11555411689 0. 0.0132201811001
40 1.1260550404 0. 0.0145191426096
41 1.13509062692 0. 0.0151972714997
42 1.12699298982 0. 0.0165645747509
43 1.13530865825 0. 0.0180225578916
44 1.14284324552 0. 0.0204872736946
45 1.18131581975 0. 0.0217232771983
46 1.16273545455 0. 0.02533954754
47 1.22442003731 0. 0.0265062395198
48 1.19654985229 0. 0.0312497004974
49 1.26757411889 0. 0.0337183015955
50 1.23476302253 0. 0.0424939239449
51 1.36678234692 0. 0.044465213499
52 1.31534274618 0. 0.0538083216116
53 1.42508194987 0. 0.0603055463668
54 1.41196190897 0. 0.0665733345936
55 1.48624244272 0. 0.0715346386821
56 1.48397333539 0. 0.0866619321554
57 1.52640378836 0. 0.0941848066414
58 1.59488952658 0. 0.116580400407
59 1.7816746587 0. 0.118071765381
60 1.74938231558 0. 0.129003598882
61 1.60084830138 0. 0.216580282662
62 2.19722066857 0. 0.176013196399
63 1.84424012246 0. 0.264367432437
64 2.42273661408 0. 0.265315049981
65 2.43600794341 0. 0.340775786269
66 2.40004972495 0. 0.521906710599
67 2.60719595972 0. 0.455115050383
68 2.58131914075 0. 0.611253556125
69 2.47551437555 0. 1.03606134385
70 3.76510754133 0. 0.50734990587
71 2.27018174506 0. 1.00578928345
72 3.23860424411 0. 0.647384984567
73 2.64574838514 0. 1.05534331611
74 2.54357504996 0. 0.552334592126
75 1.96496588827 0. 0.862029726423
76 3.49092397824 0. 1.51101899927
77 4.22426109536 0. 1.2707650079
78 2.75263049213 0. 1.30894520076
79 5.69353107395 0. 2.80784195329
80 6.52988430927 0. 2.57092214789
81 4.16552274895 0. 3.69049441898
82 6.57067105777 0. 2.7011404439
83 6.59184546864 0. 2.9544877094
84 6.46785203834 0. 7.92088895168
85 9.36341837855 0. 2.01444734466
86 4.05612722431 0. 48.7980324
87 40.5987775065 0. 1.67299276437
88 4.12024878295 0. 1.67965708981
89 2.8679185661 0. 6.98663193215
90 6.55305296792 0. 23.8559392463
91 17.6221072522 0. 9.34716616754
92 13.0924360687 0. 1.51198234741
93 2.13710749282 0. 3.47496182231
94 -2.13810365085 0. 5.67166768513
95 3.26233199683 0. 8.13992531646
96 7.62163670882 0. 9.87916261126
97 6.7428256695 0. 13.9252809806
98 13.6436659404 0. 1.77215584183
