0 0.876776612414
1 0.862878115687
2 0.852031659854
3 0.844041729163
4 0.838712383214
5 0.8358478659
6 0.835253214346
7 0.836734867842
8 0.840101276789
9 0.845163511632
10 0.8517358718
11 0.859636494645
12 0.868687964379
13 0.878717921015
14 0.889559669304
15 0.901052787672
16 0.913043737161
17 0.925386470366
18 0.937943040374
19 0.9505842097
20 0.963190059232
21 0.975650597161
22 0.987866367926
23 0.999749061149
24 1.01122212058
25 1.02222135301
26 1.03269553726
27 1.04260703306
28 1.05193239004
29 1.06066295663
30 1.06880548901
31 1.07638276007
32 1.08343416831
33 1.09001634681
34 1.09620377216
35 1.10208937338
36 1.10778514089
37 1.11342273542
38 1.11915409698
39 1.12515205374
40 1.13161093106
41 1.13874716034
42 1.146799888
43 1.15603158442
44 1.16672865287
45 1.17920203845
46 1.19378783702
47 1.21084790416
48 1.23077046409
49 1.25397071861
50 1.28089145605
51 1.31200366019
52 1.34780711922
53 1.38883103465
54 1.4356346303
55 1.48880776116
56 1.54897152242
57 1.61677885831
58 1.69291517114
59 1.77809893015
60 1.87308228051
61 1.97865165223
62 2.09562836909
63 2.22486925761
64 2.36726725597
65 2.52375202292
66 2.6952905468
67 2.88288775437
68 3.08758711984
69 3.31047127376
70 3.55266261198
71 3.81532390457
72 4.09965890477
73 4.40691295793
74 4.73837361044
75 5.09537121868
76 5.47927955795
77 5.89151643141
78 6.33354427901
79 6.80687078645
80 7.3130494941
81 7.85368040595
82 8.43041059853
83 9.04493482988
84 9.69899614844
85 10.3943865021
86 11.1329473469
87 11.9165702562
88 12.7471975297
89 13.6268228019
90 14.5574916518
91 15.5413022109
92 16.5804057729
93 17.6770074025
94 18.833366544
95 20.0517976305
96 21.3346706928
97 22.6844119684
98 24.1035045102
99 25.5944887958
100 27.1599633362
