0 0.803536769342
1 0.800078249681
2 0.797962485335
3 0.797217068363
4 0.79785101
5 0.799856020596
6 0.80320778955
7 0.807867265246
8 0.813781934989
9 0.820887104946
10 0.829107180075
11 0.838356944066
12 0.848542839275
13 0.859564246663
14 0.871314765728
15 0.883683494444
16 0.896556309198
17 0.909817144725
18 0.923349274041
19 0.937036588385
20 0.950764877153
21 0.964423107833
22 0.977904705941
23 0.991108834959
24 1.00394167627
25 1.0163177091
26 1.02816099043
27 1.03940643498
28 1.0500010951
29 1.05990544071
30 1.06909463928
31 1.0775598357
32 1.08530943228
33 1.09237036864
34 1.09878940168
35 1.10463438547
36 1.10999555125
37 1.11498678731
38 1.11974691895
39 1.12444098843
40 1.12926153488
41 1.13442987424
42 1.14019737921
43 1.1468467592
44 1.1546933402
45 1.1640863448
46 1.17541017207
47 1.18908567753
48 1.20557145306
49 1.22536510683
50 1.24900454329
51 1.27706924304
52 1.31018154281
53 1.34900791537
54 1.39426024948
55 1.44669712984
56 1.50712511699
57 1.57640002727
58 1.65542821277
59 1.74516784123
60 1.84663017599
61 1.96088085596
62 2.0890411755
63 2.23228936439
64 2.39186186778
65 2.56905462606
66 2.7652243549
67 2.98178982508
68 3.22023314251
69 3.4821010281
70 3.76900609776
71 4.08262814227
72 4.42471540728
73 4.79708587319
74 5.20162853513
75 5.64030468286
76 6.11514918076
77 6.62827174768
78 7.18185823697
79 7.77817191635
80 8.41955474789
81 9.10842866789
82 9.84729686688
83 10.6387450695
84 11.4854428146
85 12.3901447347
86 13.3556918367
87 14.3850127811
88 15.4811251623
89 16.6471367885
90 17.8862469614
91 19.2017477566
92 20.597025303
93 22.0755610633
94 23.6409331133
95 25.2968174225
96 27.0469891335
97 28.8953238421
98 30.8457988774
99 32.9024945817
100 35.0695955902
