0 0.690431171008
1 0.748672532711
2 0.79756713637
3 0.838177771097
4 0.871480835099
5 0.898371051714
6 0.919666185449
7 0.936111758016
8 0.948385764368
9 0.957103388741
10 0.962821720685
11 0.966044471106
12 0.967226688298
13 0.966779473986
14 0.965074699358
15 0.962449721104
16 0.959212097456
17 0.955644304217
18 0.952008450809
19 0.948550996301
20 0.94550746545
21 0.943107164737
22 0.941577898407
23 0.941150684501
24 0.942064470896
25 0.944570851344
26 0.948938781505
27 0.955459294985
28 0.964450219378
29 0.976260892294
30 0.991276877405
31 1.00992468048
32 1.03267646541
33 1.06005477026
34 1.09263722332
35 1.13106125909
36 1.17602883438
37 1.22831114431
38 1.28875333833
39 1.35827923632
40 1.43789604457
41 1.52869907183
42 1.63187644536
43 1.74871382697
44 1.88059912902
45 2.02902723053
46 2.19560469311
47 2.38205447712
48 2.5902206576
49 2.82207314037
50 3.07971237806
51 3.36537408612
52 3.68143395888
53 4.03041238557
54 4.4149791664
55 4.83795822852
56 5.30233234214
57 5.81124783651
58 6.36801931598
59 6.97613437604
60 7.63925831933
61 8.36123887172
62 9.14611089833
63 9.99810111952
64 10.921632827
65 11.9213305999
66 13.0020250205
67 14.1687573909
68 15.4267844483
69 16.7815830817
70 18.2388550473
71 19.8045316852
72 21.484778635
73 23.2860005519
74 25.2148458228
75 27.2782112825
76 29.4832469292
77 31.8373606413
78 34.3482228928
79 37.0237714696
80 39.8722161857
81 42.9020435986
82 46.1220217264
83 49.5412047627
84 53.1689377934
85 57.0148615125
86 61.0889169381
87 65.4013501284
88 69.962716898
89 74.7838875335
90 79.8760515099
91 85.2507222066
92 90.9197416233
93 96.8952850959
94 103.189866013
95 109.816340532
96 116.787912293
97 124.11813714
98 131.82092783
99 139.910558755
100 148.401670655
