0 1.442427166
1 1.41618397263
2 1.38994077926
3 1.36369758589
4 1.33745439251
5 1.31121119914
6 1.28496800577
7 1.2587248124
8 1.23248161902
9 1.20623842565
10 1.17999523228
11 1.15375203891
12 1.12750884553
13 1.10126565216
14 1.07502245879
15 1.04877926542
16 1.02253607204
17 0.996292878671
18 0.970049685298
19 0.943806491926
20 0.917563298553
21 0.891320105181
22 0.865076911808
23 0.838833718436
24 0.812590525063
25 0.786347331691
26 0.760104138318
27 0.733860944946
28 0.707617751573
29 0.681374558201
30 0.655131364828
31 0.628888171456
32 0.602644978083
33 0.57640178471
34 0.550158591338
35 0.523915397965
36 0.497672204593
37 0.47142901122
38 0.445185817848
39 0.418942624475
40 0.948473827544
41 1.0308409453
42 1.12747250431
43 1.23836850458
44 1.36352894612
45 1.50295382891
46 1.65664315295
47 1.82459691826
48 2.00681512483
49 2.20329777265
50 2.41404486174
51 2.63905639208
52 2.87833236368
53 3.13187277655
54 3.39967763067
55 3.68174692605
56 3.97808066268
57 4.28867884058
58 4.61354145974
59 4.95266852015
60 5.30606002182
61 5.67371596476
62 6.05563634895
63 6.4518211744
64 6.86227044111
65 7.28698414908
66 7.7259622983
67 8.17920488879
68 8.64671192054
69 9.12848339354
70 9.6245193078
71 10.1348196633
72 10.6593844601
73 11.1982136981
74 11.7513073774
75 12.318665498
76 12.9002880598
77 13.4961750629
78 14.1063265072
79 14.7307423928
80 15.3694227197
81 16.0223674878
82 16.6895766972
83 17.3710503478
84 18.0667884397
85 18.7767909728
86 19.5010579472
87 20.2395893629
88 20.9923852198
89 21.759445518
90 22.5407702574
91 23.3363594381
92 24.1462130601
93 24.9703311233
94 25.8087136278
95 26.6613605735
96 27.5282719605
97 28.4094477888
98 29.3048880583
99 30.2145927691
100 31.1385619211
