0 1.36093901341
1 1.34003935041
2 1.3191396874
3 1.2982400244
4 1.2773403614
5 1.25644069839
6 1.23554103539
7 1.21464137238
8 1.19374170938
9 1.17284204638
10 1.15194238337
11 1.13104272037
12 1.11014305736
13 1.08924339436
14 1.06834373136
15 1.04744406835
16 1.02654440535
17 1.00564474234
18 0.984745079341
19 0.963845416337
20 0.942945753333
21 0.922046090329
22 0.901146427325
23 0.880246764321
24 0.859347101317
25 0.838447438313
26 0.817547775309
27 0.796648112306
28 0.775748449302
29 0.754848786298
30 0.733949123294
31 0.71304946029
32 0.692149797286
33 0.671250134282
34 0.650350471278
35 0.629450808274
36 0.608551145271
37 0.587651482267
38 0.566751819263
39 0.545852156259
40 1.03470647377
41 1.12023155556
42 1.22110335344
43 1.33732186741
44 1.46888709748
45 1.61579904363
46 1.77805770587
47 1.95566308421
48 2.14861517863
49 2.35691398915
50 2.58055951575
51 2.81955175845
52 3.07389071724
53 3.34357639212
54 3.62860878308
55 3.92898789014
56 4.24471371329
57 4.57578625254
58 4.92220550787
59 5.28397147929
60 5.6610841668
61 6.05354357041
62 6.4613496901
63 6.88450252589
64 7.32300207776
65 7.77684834573
66 8.24604132979
67 8.73058102994
68 9.23046744618
69 9.74570057851
70 10.2762804269
71 10.8222069914
72 11.383480272
73 11.9601002687
74 12.5520669815
75 13.1593804104
76 13.7820405554
77 14.4200474164
78 15.0734009936
79 15.7421012868
80 16.4261482961
81 17.1255420215
82 17.840282463
83 18.5703696206
84 19.3158034943
85 20.0765840841
86 20.85271139
87 21.644185412
88 22.45100615
89 23.2731736042
90 24.1106877744
91 24.9635486607
92 25.8317562631
93 26.7153105816
94 27.6142116162
95 28.5284593669
96 29.4580538337
97 30.4029950166
98 31.3632829155
99 32.3389175306
100 33.3298988617
