0 0.80357970244
1 0.800120997989
2 0.798005120598
3 0.797259663798
4 0.797893639307
5 0.799898757032
6 0.803250705071
7 0.807910429723
8 0.813825415488
9 0.820930965076
10 0.829151479404
11 0.838401737612
12 0.848588177055
13 0.859610173318
14 0.871361320215
15 0.883730709795
16 0.896604212346
17 0.9098657564
18 0.92339860874
19 0.9370866544
20 0.950815676673
21 0.964474637114
22 0.977956955546
23 0.991161790063
24 1.00399531704
25 1.01637201112
26 1.02821592524
27 1.03946197064
28 1.05005719683
29 1.05996207163
30 1.06915176118
31 1.0776174099
32 1.08536742054
33 1.09242873417
34 1.09884811017
35 1.10469340626
36 1.11005485849
37 1.11504636123
38 1.11980674721
39 1.12450106749
40 1.1293218715
41 1.13449048701
42 1.14025830014
43 1.1469080354
44 1.15475503565
45 1.16414854212
46 1.17547297443
47 1.18914921057
48 1.20563586693
49 1.22543057829
50 1.24907127781
51 1.27713747706
52 1.31025154602
53 1.34907999308
54 1.39433474503
55 1.4467744271
56 1.50720564292
57 1.57648425458
58 1.65551666256
59 1.74526108582
60 1.84672884174
61 1.96098562614
62 2.0891527933
63 2.23240863597
64 2.39198966534
65 2.56919189106
66 2.76537210128
67 2.98194914259
68 3.22040520008
69 3.48228707732
70 3.76920747636
71 4.08284627775
72 4.42495182053
73 4.79734218225
74 5.20190645897
75 5.64060604524
76 6.11547591415
77 6.6286258973
78 7.18224196481
79 7.77858750532
80 8.42000460604
81 9.10891533269
82 9.84782300953
83 10.6393134994
84 11.4860564836
85 12.3908067422
86 13.3564054335
87 14.3857813747
88 15.4819523213
89 16.6480262476
90 17.8872026264
91 19.202773709
92 20.5981258054
93 22.076740564
94 23.6421962522
95 25.2981690355
96 27.0484342584
97 28.8968677238
98 30.8474469734
99 32.9042525673
100 35.0714693643
