0 1.0 0. 0.195995450634
1 2.16852578339 0. 0.0573419342179
2 1.30170039629 0. 0.0371363819511
3 1.34550088805 0. 0.021002578159
4 1.2619983933 0. 0.0143812247868
5 1.28689785512 0. 0.0104013473711
6 1.29005832249 0. 0.00788554830929
7 1.27697273988 0. 0.00618116026069
8 1.25309908388 0. 0.00504728254137
9 1.22484253442 0. 0.00437938476332
10 1.21698108854 0. 0.00379929032342
11 1.17904919354 0. 0.00341958336162
12 1.14975043776 0. 0.0031295584202
13 1.11324455647 0. 0.00294005016843
14 1.08381130331 0. 0.00281699281185
15 1.05398653606 0. 0.00270347347444
16 1.01563204867 0. 0.00265760533888
17 0.981260090061 0. 0.00264473527074
18 0.948259923317 0. 0.00266961915536
19 0.918289149238 0. 0.00273289807817
20 0.891409297536 0. 0.00283649901247
21 0.865721779689 0. 0.00295126146753
22 0.839146511349 0. 0.00312859733718
23 0.81462338874 0. 0.0033787738461
24 0.801265411873 0. 0.00363074692584
25 0.775745278942 0. 0.00395482492593
26 0.757431265292 0. 0.00435469024327
27 0.742950912656 0. 0.00494392631287
28 0.743261355091 0. 0.00555391012492
29 0.732847076481 0. 0.00641234570725
30 0.734927070216 0. 0.00729143258524
31 0.726559937684 0. 0.00856577893039
32 0.735863789101 0. 0.00955224709654
33 0.717848562274 0. 0.0113783812961
34 0.727202560217 0. 0.0137327012791
35 0.750371528149 0. 0.0166284949468
36 0.770127507454 0. 0.0194494994458
37 0.767581227784 0. 0.0240704429921
38 0.810541066974 0. 0.0329904670412
39 0.922474239655 0. 0.0429837689435
40 0.994447269551 0. 0.0488238619952
41 0.99298099482 0. 0.0639898233621
42 1.06828102068 0. 0.0851495656136
43 1.25860826275 0. 0.107438561586
44 1.3078309477 0. 0.158604939555
45 1.56670097968 0. 0.250534853898
46 1.94742970473 0. 0.18987834027
47 1.60736287231 0. 0.2763250914
48 1.73530906189 0. 0.297803694616
49 1.8610414847 0. 0.501522233862
50 2.21921545016 0. 0.661834973997
51 2.60724246206 0. 0.551201157633
52 2.40459148825 0. 1.90979825009
53 3.58419791838 0. 1.61669031312
54 3.92307043233 0. 0.683811270679
55 1.86171822669 0. 2.00872780006
56 4.330343514 0. 20.5614122358
57 17.9412311538 0. 7.1754312361
58 7.38727283321 0. 5.7190329732
59 10.1503289551 0. 11.7041813448
60 13.4850432941 0. 45.7894375205
61 30.2268987784 0. 1.85585634623
62 2.01367068471 0. 6.50046857944
63 9.52128788309 0. 91.490223115
64 -30.9134803702 0. 14.9457140213
65 19.764184028 0. 63.1412469673
66 59.0706039552 0. 0.0
67 0.0 0. 26.0946543032
68 28.9402220023 0. 42.0678607742
69 43.4804661071 0. 5.73549855181
70 5.13856461068 0. 29.344581876
71 22.5819135276 0. 1040.24321697
72 1040.05575901 0. 4.31440361037
73 3.47268528104 0. 0.0
74 0.0 0. 0.0
75 0.0 0. 0.0
76 -0.0 0. 0.0
77 0.0 0. 0.0
78 0.0 0. 296.259233841
79 210.421485286 0. 0.0
80 1.0 0. 0.0
81 0.0 0. 0.0
82 0.0 0. 150692.649689
83 0.0 0. 0.0
84 106555.79447 0. 0.0
85 0.0 0. 0.0
86 1.0 0. 0.0
87 1.0 0. 0.0
88 1.0 0. 0.0
