0 1.01279097733
1 1.10745452274
2 1.17783228929
3 1.22730512251
4 1.25894800196
5 1.27554470617
6 1.27960247759
7 1.27336668745
8 1.25883550074
9 1.23777454109
10 1.21173155569
11 1.18205108025
12 1.14988910386
13 1.11622773395
14 1.08188986121
15 1.04755382449
16 1.01376807573
17 0.980965844867
18 0.949479804782
19 0.919556736194
20 0.891372192589
21 0.86504516514
22 0.840652747624
23 0.818244801344
24 0.797858620046
25 0.779533594839
26 0.763325879118
27 0.749323053478
28 0.737658790637
29 0.728527520356
30 0.722199094355
31 0.719033451236
32 0.7194952814
33 0.724168691969
34 0.733771871704
35 0.749171755924
36 0.771398691425
37 0.801661101404
38 0.841360150371
39 0.892104409076
40 0.955724519423
41 1.03428785939
42 1.13011320796
43 1.24578541001
44 1.38417004128
45 1.54842807324
46 1.74203053803
47 1.96877319341
48 2.23279118763
49 2.53857372437
50 2.89097872767
51 3.29524750684
52 3.75701942139
53 4.28234654591
54 4.87770833504
55 5.55002628837
56 6.30667861536
57 7.15551490024
58 8.10487076695
59 9.16358254409
60 10.3410019298
61 11.6470106565
62 13.0920351564
63 14.6870612257
64 16.4436486898
65 18.3739460684
66 20.4907052402
67 22.8072961079
68 25.3377212632
69 28.0966306513
70 31.0993362365
71 34.3618266665
72 37.9007819378
73 41.7335880602
74 45.8783517221
75 50.3539149551
76 55.1798697991
77 60.3765729673
78 65.9651605107
79 71.9675624835
80 78.406517608
81 85.3055879391
82 92.6891735295
83 100.582527095
84 109.011768678
85 118.003900315
86 127.586820698
87 137.789339843
88 148.641193753
89 160.173059082
90 172.416567803
91 185.40432187
92 199.169907884
93 213.747911758
94 229.173933382
95 245.484601286
96 262.71758731
97 280.911621263
98 300.106505591
99 320.343130042
100 341.66348633
