0 0.980245766219
1 1.05214207388
2 1.10765046625
3 1.14879399925
4 1.17742842808
5 1.19525021631
6 1.20380454506
7 1.20449332209
8 1.19858319092
9 1.18721353997
10 1.17140451168
11 1.15206501165
12 1.13000071772
13 1.10592208916
14 1.08045237572
15 1.05413562683
16 1.02744470066
17 1.00078927329
18 0.974523847811
19 0.948955763449
20 0.924353204708
21 0.900953210478
22 0.878969683165
23 0.858601397815
24 0.84004001124
25 0.82347807114
26 0.809117025231
27 0.797175230367
28 0.787895961665
29 0.78155542163
30 0.778470749282
31 0.779008029275
32 0.783590301026
33 0.792705567841
34 0.806914806033
35 0.826859974054
36 0.853272021615
37 0.886978898813
38 0.928913565254
39 0.980121999177
40 1.04177120658
41 1.11515723035
42 1.20171315938
43 1.30301713769
44 1.42080037355
45 1.55695514864
46 1.71354282712
47 1.8928018648
48 2.09715581823
49 2.32922135384
50 2.59181625709
51 2.88796744154
52 3.22091895801
53 3.59414000372
54 4.01133293138
55 4.47644125831
56 4.99365767561
57 5.56743205726
58 6.20247946921
59 6.90378817856
60 7.67662766266
61 8.52655661824
62 9.45943097052
63 10.4814118823
64 11.5989737633
65 12.8189122789
66 14.1483523596
67 15.59475621
68 17.1659313179
69 18.8700384635
70 20.7155997287
71 22.7115065056
72 24.8670275064
73 27.1918167721
74 29.6959216815
75 32.3897909608
76 35.2842826923
77 38.3906723237
78 41.7206606771
79 45.2863819584
80 49.100411766
81 53.1757751005
82 57.5259543732
83 62.1648974156
84 67.1070254885
85 72.367241291
86 77.9609369699
87 83.9040021282
88 90.2128318349
89 96.9043346341
90 103.995940553
91 111.505609114
92 119.451837338
93 127.853667762
94 136.730696439
95 146.103080955
96 155.991548433
97 166.417403544
98 177.402536517
99 188.969431145
100 201.141172799
