0 0.980360692966
1 1.05226542995
2 1.10778033028
3 1.14892868706
4 1.17756647307
5 1.19539035078
6 1.20394568247
7 1.20463454025
8 1.19872371615
9 1.18735273219
10 1.17154185041
11 1.15220008296
12 1.13013320216
13 1.10605175055
14 1.08057905097
15 1.05425921663
16 1.02756516115
17 1.00090660862
18 0.974638103704
19 0.949067021669
20 0.924461578455
21 0.901058840745
22 0.879072736022
23 0.858702062637
24 0.840138499873
25 0.823574618005
26 0.809211888367
27 0.797268693414
28 0.787988336784
29 0.781647053367
30 0.778562019363
31 0.779099362348
32 0.783682171338
33 0.792798506852
34 0.807009410975
35 0.826956917423
36 0.853372061606
37 0.887082890693
38 0.92902247367
39 0.980236911413
40 1.04189334674
41 1.1152879745
42 1.20185405158
43 1.30316990705
44 1.42096695215
45 1.5571376904
46 1.71374372766
47 1.89302378217
48 2.09740169462
49 2.32949443825
50 2.59212012885
51 2.88830603489
52 3.22129658753
53 3.59456139072
54 4.01180323123
55 4.47696608876
56 4.99424314596
57 5.56808479851
58 6.20320666519
59 6.90459759793
60 7.67752769189
61 8.52755629551
62 9.46054002058
63 10.4826407523
64 11.6003336593
65 12.8204152039
66 14.1500111519
67 15.5965845827
68 17.1679438995
69 18.8722508395
70 20.7180284833
71 22.7141692659
72 24.869942986
73 27.1950048165
74 29.6994033142
75 32.3935884302
76 35.28841952
77 38.3951733531
78 41.7255521237
79 45.29169146
80 49.1061684352
81 53.1820095766
82 57.5326988764
83 62.1721858015
84 67.1148933033
85 72.3757258282
86 77.9700773275
87 83.9138392673
88 90.2234086389
89 96.9156959684
90 104.008133327
91 111.518682342
92 119.465842205
93 127.868657682
94 136.746727127
95 146.120210488
96 156.009837317
97 166.436914785
98 177.423335685
99 188.991586448
100 201.164755151
