  -2.500	  -2.000	 +10.000	 +15.000	0.008	0.002	0.001	0.005	0.002	0.004	0.008	0.009	0.009	0.006
  -2.000	  -1.566	 +10.000	 +15.000	0.017	0.003	0.000	0.023	0.004	0.003	0.017	0.016	0.026	0.023
  -1.566	  -1.442	 +10.000	 +15.000	0.030	0.010	0.005	0.031	0.009	0.004	0.028	0.035	0.035	0.031
  -1.442	  -0.800	 +10.000	 +15.000	0.069	0.005	0.002	0.072	0.005	0.002	0.069	0.068	0.072	0.070
  -0.800	  +0.000	 +10.000	 +15.000	0.125	0.006	0.001	0.137	0.008	0.002	0.125	0.124	0.139	0.135
  +0.000	  +0.800	 +10.000	 +15.000	0.177	0.007	0.001	0.195	0.009	0.009	0.177	0.178	0.186	0.196
  +0.800	  +1.442	 +10.000	 +15.000	0.064	0.004	0.000	0.075	0.005	0.004	0.064	0.063	0.078	0.075
  +1.442	  +1.566	 +10.000	 +15.000	0.015	0.008	0.011	0.015	0.007	0.003	0.016	0.027	0.018	0.017
  +1.566	  +2.000	 +10.000	 +15.000	0.007	0.002	0.000	0.007	0.002	0.003	0.007	0.007	0.010	0.008
  +2.000	  +2.500	 +10.000	 +15.000	0.006	0.002	0.000	0.006	0.002	0.003	0.006	0.006	0.004	0.006
  -2.500	  -2.000	 +15.000	 +20.000	0.113	0.004	0.001	0.128	0.005	0.006	0.113	0.114	0.134	0.129
  -2.000	  -1.566	 +15.000	 +20.000	0.175	0.005	0.005	0.192	0.006	0.023	0.175	0.170	0.214	0.188
  -1.566	  -1.442	 +15.000	 +20.000	0.218	0.014	0.013	0.275	0.016	0.041	0.228	0.227	0.234	0.269
  -1.442	  -0.800	 +15.000	 +20.000	0.345	0.005	0.003	0.375	0.006	0.022	0.343	0.343	0.397	0.377
  -0.800	  +0.000	 +15.000	 +20.000	0.557	0.005	0.002	0.602	0.006	0.011	0.557	0.555	0.591	0.602
  +0.000	  +0.800	 +15.000	 +20.000	0.596	0.005	0.003	0.645	0.005	0.004	0.596	0.599	0.640	0.644
  +0.800	  +1.442	 +15.000	 +20.000	0.329	0.005	0.007	0.358	0.006	0.005	0.329	0.336	0.360	0.362
  +1.442	  +1.566	 +15.000	 +20.000	0.126	0.011	0.003	0.134	0.012	0.033	0.128	0.128	0.166	0.130
  +1.566	  +2.000	 +15.000	 +20.000	0.086	0.004	0.001	0.106	0.005	0.012	0.087	0.087	0.095	0.108
  +2.000	  +2.500	 +15.000	 +20.000	0.095	0.004	0.004	0.101	0.005	0.000	0.098	0.097	0.101	0.101
  -2.500	  -2.000	 +20.000	 +35.000	0.552	0.002	0.000	0.568	0.002	0.001	0.552	0.552	0.569	0.569
  -2.000	  -1.566	 +20.000	 +35.000	0.621	0.001	0.001	0.669	0.002	0.006	0.621	0.622	0.663	0.669
  -1.566	  -1.442	 +20.000	 +35.000	0.697	0.003	0.011	0.731	0.003	0.006	0.697	0.708	0.736	0.728
  -1.442	  -0.800	 +20.000	 +35.000	0.813	0.001	0.001	0.841	0.001	0.004	0.813	0.813	0.838	0.840
  -0.800	  +0.000	 +20.000	 +35.000	0.905	0.001	0.000	0.924	0.001	0.002	0.906	0.906	0.923	0.924
  +0.000	  +0.800	 +20.000	 +35.000	0.916	0.001	0.000	0.932	0.001	0.001	0.916	0.916	0.931	0.931
  +0.800	  +1.442	 +20.000	 +35.000	0.799	0.001	0.001	0.827	0.001	0.001	0.798	0.799	0.827	0.826
  +1.442	  +1.566	 +20.000	 +35.000	0.632	0.003	0.009	0.678	0.004	0.015	0.632	0.640	0.664	0.675
  +1.566	  +2.000	 +20.000	 +35.000	0.562	0.001	0.001	0.611	0.002	0.003	0.561	0.563	0.609	0.612
  +2.000	  +2.500	 +20.000	 +35.000	0.543	0.002	0.001	0.564	0.002	0.003	0.542	0.542	0.561	0.563
  -2.500	  -2.000	 +35.000	 +50.000	0.671	0.001	0.000	0.683	0.001	0.003	0.671	0.671	0.686	0.683
  -2.000	  -1.566	 +35.000	 +50.000	0.748	0.001	0.000	0.780	0.001	0.002	0.748	0.748	0.779	0.781
  -1.566	  -1.442	 +35.000	 +50.000	0.813	0.002	0.000	0.837	0.002	0.003	0.813	0.813	0.833	0.836
  -1.442	  -0.800	 +35.000	 +50.000	0.908	0.001	0.000	0.923	0.001	0.000	0.909	0.908	0.923	0.923
  -0.800	  +0.000	 +35.000	 +50.000	0.958	0.001	0.000	0.967	0.001	0.000	0.959	0.959	0.967	0.967
  +0.000	  +0.800	 +35.000	 +50.000	0.962	0.001	0.000	0.968	0.001	0.000	0.962	0.962	0.968	0.968
  +0.800	  +1.442	 +35.000	 +50.000	0.900	0.001	0.000	0.913	0.001	0.000	0.899	0.899	0.913	0.913
  +1.442	  +1.566	 +35.000	 +50.000	0.783	0.002	0.001	0.809	0.002	0.004	0.783	0.782	0.812	0.809
  +1.566	  +2.000	 +35.000	 +50.000	0.726	0.001	0.001	0.762	0.001	0.001	0.726	0.726	0.761	0.762
  +2.000	  +2.500	 +35.000	 +50.000	0.693	0.001	0.001	0.706	0.001	0.002	0.692	0.692	0.703	0.706
  -2.500	  -2.000	 +50.000	 +90.000	0.723	0.003	0.000	0.724	0.003	0.003	0.723	0.723	0.727	0.726
  -2.000	  -1.566	 +50.000	 +90.000	0.812	0.002	0.000	0.836	0.002	0.001	0.812	0.812	0.837	0.836
  -1.566	  -1.442	 +50.000	 +90.000	0.863	0.004	0.004	0.873	0.004	0.003	0.861	0.859	0.870	0.873
  -1.442	  -0.800	 +50.000	 +90.000	0.932	0.001	0.000	0.940	0.001	0.002	0.932	0.932	0.938	0.940
  -0.800	  +0.000	 +50.000	 +90.000	0.974	0.001	0.000	0.977	0.001	0.001	0.974	0.974	0.978	0.977
  +0.000	  +0.800	 +50.000	 +90.000	0.975	0.001	0.000	0.979	0.001	0.001	0.975	0.974	0.979	0.979
  +0.800	  +1.442	 +50.000	 +90.000	0.922	0.001	0.000	0.929	0.001	0.002	0.922	0.921	0.931	0.929
  +1.442	  +1.566	 +50.000	 +90.000	0.821	0.004	0.003	0.846	0.004	0.012	0.822	0.824	0.834	0.846
  +1.566	  +2.000	 +50.000	 +90.000	0.789	0.001	0.000	0.819	0.002	0.004	0.789	0.790	0.814	0.818
  +2.000	  +2.500	 +50.000	 +90.000	0.733	0.003	0.003	0.738	0.003	0.004	0.733	0.729	0.742	0.737
  -2.500	  -2.000	 +90.000	+150.000	0.709	0.012	0.003	0.725	0.015	0.029	0.709	0.713	0.753	0.721
  -2.000	  -1.566	 +90.000	+150.000	0.840	0.007	0.001	0.853	0.008	0.017	0.839	0.840	0.836	0.855
  -1.566	  -1.442	 +90.000	+150.000	0.876	0.014	0.004	0.885	0.017	0.024	0.876	0.880	0.909	0.881
  -1.442	  -0.800	 +90.000	+150.000	0.944	0.003	0.001	0.939	0.003	0.004	0.943	0.944	0.935	0.939
  -0.800	  +0.000	 +90.000	+150.000	0.978	0.001	0.001	0.978	0.002	0.003	0.977	0.977	0.980	0.978
  +0.000	  +0.800	 +90.000	+150.000	0.972	0.002	0.001	0.979	0.002	0.003	0.971	0.972	0.982	0.979
  +0.800	  +1.442	 +90.000	+150.000	0.925	0.003	0.003	0.934	0.004	0.005	0.927	0.926	0.929	0.932
  +1.442	  +1.566	 +90.000	+150.000	0.853	0.015	0.001	0.888	0.017	0.011	0.853	0.853	0.878	0.884
  +1.566	  +2.000	 +90.000	+150.000	0.814	0.007	0.001	0.828	0.009	0.013	0.813	0.815	0.841	0.829
  +2.000	  +2.500	 +90.000	+150.000	0.726	0.012	0.011	0.737	0.014	0.028	0.732	0.736	0.709	0.738
  -2.500	  -2.000	+150.000	+500.000	0.746	0.028	0.004	0.641	0.038	0.087	0.743	0.743	0.728	0.636
  -2.000	  -1.566	+150.000	+500.000	0.849	0.015	0.004	0.846	0.020	0.011	0.849	0.853	0.857	0.846
  -1.566	  -1.442	+150.000	+500.000	0.906	0.026	0.001	0.832	0.043	0.141	0.905	0.905	0.971	0.858
  -1.442	  -0.800	+150.000	+500.000	0.926	0.006	0.002	0.934	0.007	0.013	0.926	0.928	0.921	0.932
  -0.800	  +0.000	+150.000	+500.000	0.966	0.003	0.000	0.971	0.004	0.007	0.966	0.966	0.977	0.971
  +0.000	  +0.800	+150.000	+500.000	0.968	0.003	0.001	0.972	0.004	0.000	0.968	0.969	0.971	0.972
  +0.800	  +1.442	+150.000	+500.000	0.929	0.006	0.003	0.925	0.008	0.001	0.930	0.931	0.925	0.927
  +1.442	  +1.566	+150.000	+500.000	0.866	0.033	0.005	0.869	0.039	0.011	0.866	0.871	0.860	0.863
  +1.566	  +2.000	+150.000	+500.000	0.822	0.015	0.001	0.804	0.020	0.070	0.821	0.822	0.873	0.818
  +2.000	  +2.500	+150.000	+500.000	0.743	0.027	0.000	0.746	0.035	0.115	0.743	0.743	0.632	0.759
