  -2.500	  -2.000	 +10.000	 +15.000	0.000	0.001	0.000	0.001	0.001	0.001	0.000	0.000	0.000	0.001
  -2.000	  -1.566	 +10.000	 +15.000	0.000	0.001	0.000	0.000	0.001	0.002	0.000	0.000	0.002	0.000
  -1.566	  -1.442	 +10.000	 +15.000	0.002	0.002	0.000	0.003	0.003	0.003	0.002	0.002	0.000	0.003
  -1.442	  -0.800	 +10.000	 +15.000	0.005	0.001	0.000	0.007	0.001	0.002	0.005	0.005	0.005	0.006
  -0.800	  +0.000	 +10.000	 +15.000	0.007	0.001	0.000	0.008	0.002	0.001	0.007	0.007	0.009	0.008
  +0.000	  +0.800	 +10.000	 +15.000	0.014	0.001	0.001	0.012	0.002	0.014	0.014	0.013	0.026	0.012
  +0.800	  +1.442	 +10.000	 +15.000	0.009	0.001	0.001	0.006	0.001	0.001	0.009	0.008	0.007	0.006
  +1.442	  +1.566	 +10.000	 +15.000	0.001	0.001	0.002	0.000	0.001	0.000	0.001	0.003	0.000	0.000
  +1.566	  +2.000	 +10.000	 +15.000	0.000	0.001	0.000	0.000	0.001	0.001	0.000	0.000	0.001	0.000
  +2.000	  +2.500	 +10.000	 +15.000	0.000	0.001	0.000	0.000	0.001	0.000	0.000	0.000	0.000	0.000
  -2.500	  -2.000	 +15.000	 +20.000	0.010	0.001	0.000	0.014	0.002	0.003	0.011	0.010	0.011	0.012
  -2.000	  -1.566	 +15.000	 +20.000	0.029	0.001	0.001	0.028	0.002	0.005	0.030	0.029	0.033	0.029
  -1.566	  -1.442	 +15.000	 +20.000	0.056	0.004	0.001	0.068	0.008	0.007	0.056	0.057	0.071	0.062
  -1.442	  -0.800	 +15.000	 +20.000	0.101	0.002	0.003	0.116	0.003	0.002	0.104	0.102	0.118	0.117
  -0.800	  +0.000	 +15.000	 +20.000	0.213	0.003	0.006	0.229	0.004	0.004	0.215	0.207	0.233	0.228
  +0.000	  +0.800	 +15.000	 +20.000	0.250	0.003	0.001	0.270	0.004	0.005	0.249	0.249	0.274	0.268
  +0.800	  +1.442	 +15.000	 +20.000	0.109	0.002	0.001	0.109	0.003	0.008	0.109	0.108	0.117	0.110
  +1.442	  +1.566	 +15.000	 +20.000	0.039	0.004	0.000	0.058	0.008	0.003	0.039	0.040	0.055	0.059
  +1.566	  +2.000	 +15.000	 +20.000	0.015	0.001	0.000	0.016	0.002	0.001	0.015	0.015	0.015	0.015
  +2.000	  +2.500	 +15.000	 +20.000	0.013	0.001	0.002	0.019	0.002	0.002	0.015	0.014	0.017	0.019
  -2.500	  -2.000	 +20.000	 +35.000	0.499	0.001	0.002	0.505	0.002	0.001	0.497	0.499	0.504	0.504
  -2.000	  -1.566	 +20.000	 +35.000	0.554	0.001	0.002	0.584	0.001	0.005	0.554	0.556	0.580	0.582
  -1.566	  -1.442	 +20.000	 +35.000	0.625	0.002	0.001	0.633	0.003	0.009	0.625	0.626	0.626	0.628
  -1.442	  -0.800	 +20.000	 +35.000	0.717	0.001	0.001	0.739	0.001	0.003	0.716	0.718	0.736	0.737
  -0.800	  +0.000	 +20.000	 +35.000	0.824	0.001	0.001	0.846	0.001	0.002	0.825	0.825	0.846	0.844
  +0.000	  +0.800	 +20.000	 +35.000	0.835	0.001	0.000	0.857	0.001	0.003	0.835	0.835	0.854	0.855
  +0.800	  +1.442	 +20.000	 +35.000	0.719	0.001	0.001	0.733	0.001	0.002	0.719	0.719	0.732	0.731
  +1.442	  +1.566	 +20.000	 +35.000	0.616	0.002	0.014	0.616	0.003	0.008	0.616	0.629	0.624	0.614
  +1.566	  +2.000	 +20.000	 +35.000	0.525	0.001	0.002	0.557	0.001	0.003	0.526	0.528	0.554	0.557
  +2.000	  +2.500	 +20.000	 +35.000	0.535	0.001	0.000	0.539	0.002	0.005	0.534	0.534	0.534	0.537
  -2.500	  -2.000	 +35.000	 +50.000	0.621	0.001	0.000	0.622	0.001	0.002	0.621	0.621	0.621	0.622
  -2.000	  -1.566	 +35.000	 +50.000	0.689	0.001	0.000	0.713	0.001	0.001	0.689	0.688	0.714	0.714
  -1.566	  -1.442	 +35.000	 +50.000	0.763	0.001	0.001	0.768	0.002	0.002	0.763	0.762	0.770	0.768
  -1.442	  -0.800	 +35.000	 +50.000	0.837	0.001	0.000	0.849	0.001	0.000	0.837	0.837	0.849	0.849
  -0.800	  +0.000	 +35.000	 +50.000	0.915	0.001	0.000	0.923	0.001	0.000	0.914	0.914	0.923	0.923
  +0.000	  +0.800	 +35.000	 +50.000	0.917	0.001	0.000	0.928	0.001	0.000	0.917	0.917	0.928	0.928
  +0.800	  +1.442	 +35.000	 +50.000	0.835	0.001	0.000	0.845	0.001	0.000	0.835	0.835	0.846	0.846
  +1.442	  +1.566	 +35.000	 +50.000	0.752	0.001	0.001	0.763	0.002	0.007	0.752	0.752	0.756	0.764
  +1.566	  +2.000	 +35.000	 +50.000	0.677	0.001	0.000	0.703	0.001	0.000	0.677	0.677	0.703	0.703
  +2.000	  +2.500	 +35.000	 +50.000	0.664	0.001	0.000	0.666	0.001	0.003	0.664	0.664	0.662	0.666
  -2.500	  -2.000	 +50.000	 +90.000	0.655	0.002	0.001	0.648	0.003	0.005	0.654	0.654	0.643	0.649
  -2.000	  -1.566	 +50.000	 +90.000	0.748	0.001	0.000	0.765	0.002	0.002	0.748	0.749	0.763	0.764
  -1.566	  -1.442	 +50.000	 +90.000	0.798	0.003	0.001	0.802	0.004	0.004	0.798	0.799	0.805	0.802
  -1.442	  -0.800	 +50.000	 +90.000	0.858	0.001	0.000	0.868	0.001	0.001	0.858	0.858	0.868	0.868
  -0.800	  +0.000	 +50.000	 +90.000	0.937	0.001	0.000	0.941	0.001	0.000	0.937	0.937	0.941	0.941
  +0.000	  +0.800	 +50.000	 +90.000	0.937	0.001	0.000	0.944	0.001	0.001	0.937	0.937	0.944	0.944
  +0.800	  +1.442	 +50.000	 +90.000	0.854	0.001	0.000	0.861	0.001	0.003	0.854	0.854	0.857	0.860
  +1.442	  +1.566	 +50.000	 +90.000	0.791	0.003	0.005	0.793	0.004	0.008	0.791	0.786	0.801	0.792
  +1.566	  +2.000	 +50.000	 +90.000	0.735	0.001	0.001	0.752	0.002	0.003	0.736	0.734	0.750	0.752
  +2.000	  +2.500	 +50.000	 +90.000	0.692	0.002	0.000	0.683	0.003	0.005	0.692	0.691	0.687	0.686
  -2.500	  -2.000	 +90.000	+150.000	0.613	0.009	0.002	0.614	0.014	0.001	0.615	0.613	0.614	0.614
  -2.000	  -1.566	 +90.000	+150.000	0.769	0.005	0.002	0.766	0.009	0.024	0.769	0.768	0.789	0.770
  -1.566	  -1.442	 +90.000	+150.000	0.803	0.011	0.005	0.788	0.019	0.039	0.802	0.798	0.826	0.785
  -1.442	  -0.800	 +90.000	+150.000	0.860	0.003	0.001	0.871	0.004	0.013	0.860	0.860	0.858	0.869
  -0.800	  +0.000	 +90.000	+150.000	0.943	0.001	0.000	0.947	0.002	0.003	0.943	0.943	0.944	0.946
  +0.000	  +0.800	 +90.000	+150.000	0.938	0.001	0.002	0.948	0.002	0.005	0.940	0.940	0.943	0.947
  +0.800	  +1.442	 +90.000	+150.000	0.860	0.003	0.001	0.859	0.004	0.008	0.860	0.859	0.864	0.854
  +1.442	  +1.566	 +90.000	+150.000	0.827	0.011	0.003	0.752	0.021	0.028	0.827	0.830	0.780	0.751
  +1.566	  +2.000	 +90.000	+150.000	0.753	0.005	0.006	0.757	0.009	0.015	0.758	0.755	0.771	0.754
  +2.000	  +2.500	 +90.000	+150.000	0.648	0.009	0.007	0.637	0.013	0.049	0.642	0.645	0.686	0.639
  -2.500	  -2.000	+150.000	+500.000	0.604	0.022	0.005	0.598	0.033	0.023	0.603	0.609	0.620	0.590
  -2.000	  -1.566	+150.000	+500.000	0.777	0.012	0.003	0.766	0.020	0.022	0.776	0.780	0.743	0.767
  -1.566	  -1.442	+150.000	+500.000	0.860	0.022	0.012	0.766	0.037	0.052	0.851	0.852	0.815	0.784
  -1.442	  -0.800	+150.000	+500.000	0.852	0.006	0.002	0.829	0.010	0.010	0.854	0.854	0.820	0.825
  -0.800	  +0.000	+150.000	+500.000	0.919	0.003	0.002	0.910	0.006	0.007	0.918	0.917	0.903	0.908
  +0.000	  +0.800	+150.000	+500.000	0.915	0.003	0.000	0.908	0.006	0.001	0.915	0.916	0.907	0.907
  +0.800	  +1.442	+150.000	+500.000	0.832	0.006	0.001	0.834	0.009	0.017	0.833	0.833	0.816	0.834
  +1.442	  +1.566	+150.000	+500.000	0.751	0.024	0.017	0.750	0.044	0.013	0.754	0.767	0.743	0.739
  +1.566	  +2.000	+150.000	+500.000	0.717	0.012	0.001	0.756	0.019	0.017	0.717	0.717	0.767	0.769
  +2.000	  +2.500	+150.000	+500.000	0.634	0.019	0.022	0.602	0.033	0.008	0.644	0.654	0.595	0.606
