0 1.01290971977
1 1.10758436379
2 1.17797038163
3 1.22744901518
4 1.25909560453
5 1.27569425459
6 1.27975250175
7 1.27351598051
8 1.25898309012
9 1.23791966122
10 1.21187362248
11 1.18218966721
12 1.15002392006
13 1.1163586036
14 1.082016705
15 1.04767664262
16 1.01388693272
17 0.981080856038
18 0.949591124442
19 0.91966454759
20 0.891476699551
21 0.865146585447
22 0.840751308097
23 0.818340734646
24 0.797952163215
25 0.779624989531
26 0.763415373572
27 0.749410906202
28 0.737745275811
29 0.728612934954
30 0.72228376699
31 0.719117752722
32 0.719579637033
33 0.724253595526
34 0.733857901165
35 0.749259590909
36 0.771489132359
37 0.801755090387
38 0.841458793781
39 0.892209001884
40 0.95583657123
41 1.03440912218
42 1.13024570558
43 1.24593146937
44 1.38433232524
45 1.54860961526
46 1.74223477855
47 1.96900401787
48 2.23305296629
49 2.53887135383
50 2.89131767408
51 3.29563385085
52 3.75745990482
53 4.28284862016
54 4.87828021117
55 5.55067698893
56 6.30741802794
57 7.15635383275
58 8.1058210046
59 9.16465690805
60 10.3422143377
61 11.6483761845
62 13.0935701031
63 14.6887831777
64 16.445576589
65 18.3761002811
66 20.4931076276
67 22.8099700989
68 25.3406919283
69 28.0999247786
70 31.1029824093
71 34.3658553429
72 37.9052255311
73 41.7384810224
74 45.883730628
75 50.3598185885
76 55.1863392409
77 60.383651685
78 65.97289445
79 71.9760001612
80 78.4157102067
81 85.3155894041
82 92.7000406667
83 100.594319671
84 109.024549522
85 118.017735421
86 127.601779332
87 137.805494649
88 148.658620861
89 160.191838218
90 172.436782403
91 185.42605919
92 199.19325912
93 213.772972159
94 229.200802372
95 245.513382585
96 262.748389052
97 280.944556125
98 300.141690915
99 320.380687964
100 341.70354391
