0 0.876729768602
1 0.862832014435
2 0.851986138099
3 0.843996634287
4 0.838667573071
5 0.835803208801
6 0.835208589017
7 0.836690163353
8 0.840056392442
9 0.845118356823
10 0.851690365847
11 0.859590566583
12 0.868641552722
13 0.878670973485
14 0.889512142528
15 0.90100464685
16 0.912994955695
17 0.925337029461
18 0.937892928604
19 0.950533422547
20 0.963138598582
21 0.975598470779
22 0.987813588888
23 0.999695647251
24 1.0111680937
25 1.02216673848
26 1.03264036312
27 1.04255132938
28 1.05187618813
29 1.06060628826
30 1.06874838561
31 1.07632525184
32 1.08337628334
33 1.08995811018
34 1.09614520495
35 1.10203049172
36 1.10772595492
37 1.11336324825
38 1.11909430359
39 1.1250919399
40 1.13155047214
41 1.13868632015
42 1.14673861757
43 1.15596982077
44 1.1666663177
45 1.17913903686
46 1.19372405615
47 1.21078321182
48 1.23070470734
49 1.25390372234
50 1.28082302147
51 1.31193356337
52 1.34773510951
53 1.38875683315
54 1.43555792821
55 1.48872821818
56 1.54888876504
57 1.61669247817
58 1.69282472324
59 1.77800393112
60 1.87298220677
61 1.9785459382
62 2.09551640532
63 2.22475038884
64 2.36714077926
65 2.52361718565
66 2.69514654469
67 2.88273372944
68 3.08742215838
69 3.3102944042
70 3.55247280279
71 3.81512006209
72 4.09943987104
73 4.40667750844
74 4.73812045191
75 5.09509898673
76 5.47898681481
77 5.89120166356
78 6.3332058948
79 6.80650711368
80 7.31265877757
81 7.85326080497
82 8.42996018441
83 9.04445158338
84 9.69847795722
85 10.393831158
86 11.1323525435
87 11.915933586
88 12.7465164813
89 13.6260947575
90 14.5567138842
91 15.540471881
92 16.5795199265
93 17.6760629677
94 18.832360328
95 20.050726317
96 21.3335308388
97 22.6832000014
98 24.1022167249
99 25.5931213513
100 27.1585122526
