  -2.500	  -2.000	 +10.000	 +15.000	0.015	0.002	0.000	0.020	0.004	0.010	0.015	0.014	0.030	0.020
  -2.000	  -1.566	 +10.000	 +15.000	0.024	0.002	0.001	0.029	0.004	0.013	0.024	0.025	0.042	0.026
  -1.566	  -1.442	 +10.000	 +15.000	0.037	0.006	0.002	0.051	0.013	0.015	0.037	0.035	0.062	0.059
  -1.442	  -0.800	 +10.000	 +15.000	0.071	0.003	0.000	0.097	0.006	0.004	0.071	0.071	0.094	0.094
  -0.800	  +0.000	 +10.000	 +15.000	0.131	0.003	0.004	0.140	0.006	0.020	0.131	0.127	0.161	0.140
  +0.000	  +0.800	 +10.000	 +15.000	0.150	0.003	0.002	0.196	0.007	0.008	0.151	0.152	0.189	0.195
  +0.800	  +1.442	 +10.000	 +15.000	0.078	0.003	0.004	0.108	0.006	0.002	0.080	0.082	0.108	0.106
  +1.442	  +1.566	 +10.000	 +15.000	0.011	0.003	0.002	0.015	0.007	0.006	0.011	0.012	0.020	0.017
  +1.566	  +2.000	 +10.000	 +15.000	0.013	0.002	0.000	0.021	0.004	0.004	0.013	0.013	0.025	0.020
  +2.000	  +2.500	 +10.000	 +15.000	0.014	0.002	0.000	0.018	0.004	0.003	0.014	0.014	0.020	0.021
  -2.500	  -2.000	 +15.000	 +20.000	0.141	0.003	0.003	0.178	0.007	0.008	0.141	0.143	0.185	0.176
  -2.000	  -1.566	 +15.000	 +20.000	0.206	0.003	0.002	0.259	0.006	0.005	0.206	0.205	0.263	0.259
  -1.566	  -1.442	 +15.000	 +20.000	0.227	0.008	0.004	0.265	0.014	0.011	0.231	0.230	0.255	0.270
  -1.442	  -0.800	 +15.000	 +20.000	0.359	0.003	0.000	0.402	0.005	0.004	0.358	0.359	0.401	0.406
  -0.800	  +0.000	 +15.000	 +20.000	0.545	0.002	0.002	0.598	0.005	0.006	0.545	0.546	0.593	0.599
  +0.000	  +0.800	 +15.000	 +20.000	0.596	0.002	0.001	0.639	0.004	0.002	0.597	0.597	0.641	0.639
  +0.800	  +1.442	 +15.000	 +20.000	0.377	0.002	0.003	0.416	0.005	0.007	0.376	0.374	0.409	0.415
  +1.442	  +1.566	 +15.000	 +20.000	0.133	0.006	0.009	0.164	0.012	0.017	0.139	0.139	0.181	0.161
  +1.566	  +2.000	 +15.000	 +20.000	0.118	0.003	0.002	0.174	0.005	0.015	0.120	0.118	0.159	0.175
  +2.000	  +2.500	 +15.000	 +20.000	0.118	0.003	0.001	0.159	0.006	0.006	0.118	0.116	0.165	0.160
  -2.500	  -2.000	 +20.000	 +35.000	0.560	0.001	0.001	0.628	0.002	0.007	0.561	0.561	0.626	0.620
  -2.000	  -1.566	 +20.000	 +35.000	0.659	0.001	0.001	0.737	0.001	0.005	0.659	0.660	0.736	0.732
  -1.566	  -1.442	 +20.000	 +35.000	0.692	0.002	0.013	0.747	0.003	0.006	0.692	0.705	0.744	0.742
  -1.442	  -0.800	 +20.000	 +35.000	0.813	0.001	0.000	0.853	0.001	0.003	0.813	0.813	0.851	0.850
  -0.800	  +0.000	 +20.000	 +35.000	0.898	0.001	0.001	0.922	0.001	0.002	0.897	0.898	0.922	0.921
  +0.000	  +0.800	 +20.000	 +35.000	0.909	0.001	0.001	0.930	0.001	0.002	0.909	0.910	0.930	0.928
  +0.800	  +1.442	 +20.000	 +35.000	0.816	0.001	0.001	0.853	0.001	0.004	0.816	0.818	0.851	0.850
  +1.442	  +1.566	 +20.000	 +35.000	0.662	0.002	0.010	0.721	0.003	0.004	0.662	0.672	0.719	0.717
  +1.566	  +2.000	 +20.000	 +35.000	0.610	0.001	0.000	0.696	0.001	0.007	0.610	0.610	0.693	0.690
  +2.000	  +2.500	 +20.000	 +35.000	0.550	0.001	0.001	0.631	0.002	0.005	0.551	0.551	0.629	0.627
  -2.500	  -2.000	 +35.000	 +50.000	0.688	0.001	0.000	0.743	0.001	0.001	0.688	0.688	0.743	0.744
  -2.000	  -1.566	 +35.000	 +50.000	0.773	0.001	0.000	0.838	0.001	0.000	0.773	0.773	0.838	0.838
  -1.566	  -1.442	 +35.000	 +50.000	0.808	0.001	0.000	0.852	0.001	0.003	0.808	0.808	0.850	0.853
  -1.442	  -0.800	 +35.000	 +50.000	0.886	0.001	0.000	0.913	0.001	0.000	0.886	0.886	0.914	0.914
  -0.800	  +0.000	 +35.000	 +50.000	0.951	0.001	0.000	0.964	0.001	0.000	0.951	0.951	0.964	0.965
  +0.000	  +0.800	 +35.000	 +50.000	0.956	0.001	0.000	0.967	0.001	0.000	0.956	0.956	0.967	0.967
  +0.800	  +1.442	 +35.000	 +50.000	0.887	0.001	0.001	0.912	0.001	0.000	0.887	0.887	0.912	0.912
  +1.442	  +1.566	 +35.000	 +50.000	0.793	0.001	0.001	0.839	0.001	0.004	0.792	0.792	0.835	0.839
  +1.566	  +2.000	 +35.000	 +50.000	0.751	0.001	0.001	0.823	0.001	0.000	0.750	0.750	0.823	0.823
  +2.000	  +2.500	 +35.000	 +50.000	0.687	0.001	0.001	0.752	0.001	0.002	0.687	0.686	0.751	0.753
  -2.500	  -2.000	 +50.000	 +90.000	0.739	0.001	0.000	0.781	0.002	0.002	0.740	0.739	0.779	0.780
  -2.000	  -1.566	 +50.000	 +90.000	0.826	0.001	0.000	0.878	0.001	0.002	0.826	0.826	0.880	0.878
  -1.566	  -1.442	 +50.000	 +90.000	0.850	0.002	0.004	0.885	0.003	0.003	0.849	0.846	0.886	0.882
  -1.442	  -0.800	 +50.000	 +90.000	0.903	0.001	0.000	0.927	0.001	0.001	0.903	0.903	0.927	0.926
  -0.800	  +0.000	 +50.000	 +90.000	0.962	0.001	0.000	0.973	0.001	0.001	0.962	0.962	0.973	0.973
  +0.000	  +0.800	 +50.000	 +90.000	0.965	0.001	0.000	0.974	0.001	0.001	0.965	0.965	0.975	0.974
  +0.800	  +1.442	 +50.000	 +90.000	0.904	0.001	0.000	0.926	0.001	0.001	0.904	0.904	0.925	0.926
  +1.442	  +1.566	 +50.000	 +90.000	0.834	0.002	0.002	0.870	0.003	0.004	0.835	0.836	0.874	0.869
  +1.566	  +2.000	 +50.000	 +90.000	0.810	0.001	0.001	0.868	0.001	0.002	0.810	0.810	0.869	0.866
  +2.000	  +2.500	 +50.000	 +90.000	0.739	0.001	0.002	0.790	0.002	0.004	0.741	0.739	0.794	0.791
  -2.500	  -2.000	 +90.000	+150.000	0.758	0.005	0.003	0.790	0.009	0.003	0.755	0.758	0.786	0.788
  -2.000	  -1.566	 +90.000	+150.000	0.853	0.003	0.003	0.889	0.006	0.005	0.852	0.850	0.890	0.894
  -1.566	  -1.442	 +90.000	+150.000	0.861	0.008	0.000	0.887	0.013	0.020	0.861	0.861	0.906	0.891
  -1.442	  -0.800	 +90.000	+150.000	0.909	0.002	0.000	0.924	0.003	0.007	0.909	0.909	0.931	0.922
  -0.800	  +0.000	 +90.000	+150.000	0.961	0.001	0.000	0.969	0.002	0.004	0.961	0.961	0.973	0.968
  +0.000	  +0.800	 +90.000	+150.000	0.964	0.001	0.000	0.971	0.002	0.002	0.964	0.964	0.969	0.971
  +0.800	  +1.442	 +90.000	+150.000	0.907	0.002	0.001	0.924	0.003	0.005	0.906	0.907	0.929	0.925
  +1.442	  +1.566	 +90.000	+150.000	0.849	0.008	0.003	0.887	0.014	0.005	0.846	0.847	0.892	0.888
  +1.566	  +2.000	 +90.000	+150.000	0.829	0.003	0.001	0.889	0.006	0.006	0.828	0.828	0.882	0.890
  +2.000	  +2.500	 +90.000	+150.000	0.748	0.005	0.002	0.799	0.009	0.015	0.747	0.749	0.784	0.797
  -2.500	  -2.000	+150.000	+500.000	0.767	0.011	0.003	0.831	0.020	0.062	0.769	0.770	0.769	0.826
  -2.000	  -1.566	+150.000	+500.000	0.848	0.006	0.001	0.885	0.012	0.007	0.849	0.849	0.892	0.885
  -1.566	  -1.442	+150.000	+500.000	0.854	0.015	0.004	0.918	0.023	0.046	0.854	0.858	0.872	0.920
  -1.442	  -0.800	+150.000	+500.000	0.919	0.002	0.000	0.948	0.006	0.024	0.919	0.919	0.924	0.950
  -0.800	  +0.000	+150.000	+500.000	0.964	0.002	0.001	0.972	0.003	0.001	0.964	0.964	0.973	0.973
  +0.000	  +0.800	+150.000	+500.000	0.961	0.002	0.001	0.976	0.003	0.010	0.960	0.960	0.966	0.976
  +0.800	  +1.442	+150.000	+500.000	0.912	0.003	0.002	0.928	0.006	0.001	0.911	0.912	0.930	0.928
  +1.442	  +1.566	+150.000	+500.000	0.879	0.014	0.003	0.893	0.027	0.039	0.876	0.878	0.854	0.896
  +1.566	  +2.000	+150.000	+500.000	0.838	0.007	0.001	0.889	0.012	0.015	0.838	0.839	0.904	0.893
  +2.000	  +2.500	+150.000	+500.000	0.773	0.010	0.002	0.788	0.021	0.006	0.771	0.774	0.793	0.793
