channel;bin;weight;err_stat;err_syst_up;err_syst_do;err_tot_up;err_tot_do;wnorm_prefit_err_rel
boost_wjetcr_ele_mext;Wjets_boost_3;0.8466928958497677;0.07504571049735997;0.31186133987984677;0.2687381974011642;0.3207637042679656;0.2790198512767159;0.36832875462696885
boost_wjetcr_ele_mext;Wjets_boost_2;0.8445795563767414;0.08269143537757895;0.3395564498656444;0.27753598024855364;0.34948026572349433;0.2895929795718982;0.40204199509913136
boost_wjetcr_ele_mext;Wjets_boost_1;1.3171105432677637;0.15829310805875704;0.567589491347641;0.4225266240439896;0.5892491313079512;0.4512044504267575;0.43093534878207423
boost_wjetcr_ele_mext;Wjets_boost_7;0.5405643859299857;0.07868674944457497;0.20023505463222088;0.17110292891564344;0.21514107381372297;0.1883290121613371;0.3704185104383763
boost_wjetcr_ele_mext;Wjets_boost_6;0.6580420253839371;0.09626686592363014;0.25019068931662386;0.20908283582032985;0.26807217404177847;0.23018023744324617;0.38020472806527694
boost_wjetcr_ele_mext;Wjets_boost_5;0.7035436251030799;0.06625897818718814;0.23980073327439425;0.20485639617068593;0.2487863418062725;0.21530535349231636;0.34084699898923787
boost_wjetcr_ele_mext;Wjets_boost_4;0.676313803615581;0.07527518760766257;0.25654631532612626;0.23019743688336197;0.2673618629812057;0.24219251395746777;0.3793302960173618
boost_wjetcr_ele_mint;Wjets_boost_3;0.7623955272251003;0.055701190119673026;0.2820858457279153;0.22873107735780157;0.28753268847346936;0.2354156501382365;0.3699993450310843
boost_wjetcr_ele_mint;Wjets_boost_2;0.8792559771615341;0.0647772275213808;0.3345926435690216;0.26693944234841815;0.34080540831369305;0.2746866489049681;0.38054065284739175
boost_wjetcr_ele_mint;Wjets_boost_1;0.9280801939901044;0.10595501023319379;0.3858764066238233;0.28054592409008877;0.4001588002061562;0.29988744508078036;0.4157791633983923
boost_wjetcr_ele_mint;Wjets_boost_7;0.4994058235570783;0.07824099094911638;0.185878159419195;0.15890315521472143;0.20167385257828388;0.17712104731480546;0.37219862214512306
boost_wjetcr_ele_mint;Wjets_boost_6;0.7880675780786733;0.0877945636765482;0.2830446667640837;0.24916371144227617;0.2963480534687999;0.26417880405294697;0.3591629380999951
boost_wjetcr_ele_mint;Wjets_boost_5;0.6856067658269813;0.054295797421971694;0.245295792557366;0.22444640410226077;0.25123307796553007;0.2309203800709741;0.357779130521691
boost_wjetcr_ele_mint;Wjets_boost_4;0.707651694358767;0.06065937019381187;0.2580614992025785;0.20824834017811572;0.26509488218936317;0.21690304372979674;0.3646730464433055
boost_wjetcr_mu_mext;Wjets_boost_3;0.6482672481663331;0.05470628615678223;0.25737048225304326;0.2140606156895458;0.2631203961691906;0.2209405461531567;0.3970129340654379
boost_wjetcr_mu_mext;Wjets_boost_2;0.7450122256860475;0.06213682184149563;0.3043006438662269;0.24036627959193943;0.31057988744598714;0.2482678654063634;0.4084505372861639
boost_wjetcr_mu_mext;Wjets_boost_1;0.8057562967105256;0.09696041053568148;0.33627672698302524;0.2691874885453183;0.3499762253663297;0.2861175024366454;0.4173429712629789
boost_wjetcr_mu_mext;Wjets_boost_7;0.5600889617277345;0.07265759749413561;0.22359452221078724;0.19605240637780288;0.23510345985606007;0.20908293215886128;0.39921251352830456
boost_wjetcr_mu_mext;Wjets_boost_6;0.6148722503038745;0.07539168255664044;0.21365647591200326;0.1848273813828538;0.22656786069047322;0.19961229097318664;0.34748108376400566
boost_wjetcr_mu_mext;Wjets_boost_5;0.7243297772084503;0.05905116307289555;0.25219092059963283;0.1995409323877566;0.2590121624425232;0.208095227139973;0.34817141105474175
boost_wjetcr_mu_mext;Wjets_boost_4;0.7236127716633128;0.06488598299867789;0.27782178183141726;0.23612177406360643;0.28529832325074805;0.2448748312437387;0.3839370899891799
boost_wjetcr_mu_mint;Wjets_boost_3;0.6734958190700897;0.04394936145301219;0.2571826268678605;0.21193404727006218;0.26091080839010994;0.21644303353168118;0.38186224707817507
boost_wjetcr_mu_mint;Wjets_boost_2;0.4634557785304754;0.03780829311827646;0.18413216043893882;0.14670412010792866;0.18797372033459522;0.15149774217842019;0.3973025452887537
boost_wjetcr_mu_mint;Wjets_boost_1;0.5438744347008372;0.06031785094072869;0.2319506025324885;0.18570690309762797;0.23966502697993386;0.1952570024358147;0.42647822315839307
boost_wjetcr_mu_mint;Wjets_boost_7;0.7436013382543126;0.08329496222723196;0.27352566949382084;0.2421284701445731;0.28592716311060573;0.25605516356243907;0.3678391302199011
boost_wjetcr_mu_mint;Wjets_boost_6;0.6529387435342774;0.06564193115857193;0.22239666617697057;0.19748664607789376;0.23188173764412234;0.2081101595437425;0.34060877590624294
boost_wjetcr_mu_mint;Wjets_boost_5;0.6433362442100027;0.04442164058625508;0.21683505415494111;0.19291536086601457;0.22133848030279477;0.19796368002853215;0.33704778194365215
boost_wjetcr_mu_mint;Wjets_boost_4;0.8177869788927913;0.05788758130951979;0.30009632782784884;0.2326465678203083;0.305628496782656;0.23974027110278234;0.36696148945065354
res_wjetcr_ele_mext;Wjets_res_6;0.8586383437483859;0.055115190261779;0.3763684371560186;0.29825960323838535;0.38038255044738317;0.3033092071162878;0.4383317375659956
res_wjetcr_ele_mext;Wjets_res_7;1.2068309675062008;0.012984758800909832;0.4095093531718236;0.36611824670156595;0.40971516239495354;0.3663484332284588;0.3393261891663544
res_wjetcr_ele_mext;Wjets_res_4;1.1777802902841024;0.037756589674298284;0.4009230633957479;0.33935788007055556;0.4026969863637723;0.34145179869172587;0.34040564840751236
res_wjetcr_ele_mext;Wjets_res_5;1.1153353197263451;0.062207239734662405;0.47933975241908233;0.38954899313236196;0.4833594303668782;0.3944846748935157;0.4297718757231605
res_wjetcr_ele_mext;Wjets_res_2;1.5170009801378255;0.024200664362042594;0.46186375136786734;0.4104885734502593;0.4624973480823035;0.4112013388703801;0.3044584396549996
res_wjetcr_ele_mext;Wjets_res_3;1.5052158385696681;0.03370976424415086;0.5364090986791795;0.43407043137593543;0.5374672728187326;0.435377408233692;0.35636689764632196
res_wjetcr_ele_mext;Wjets_res_1;1.4345389187583841;0.012056092985811395;0.4863166756474261;0.39924154576542026;0.48646609171744576;0.3994235361658658;0.33900556428844797
res_wjetcr_ele_mext;Wjets_res_8;1.2612633947532013;0.024110087320205913;0.3644686007835502;0.34878857346278613;0.3652651875934892;0.34962088794692076;0.28897104466816614
res_wjetcr_ele_mext;Wjets_res_9;1.1511044562363557;0.02943027650715233;0.34952527457227195;0.3230369863930363;0.35076211132348595;0.32437483834783204;0.3036434032364688
res_wjetcr_ele_mext;Wjets_res_18;0.5354892313555577;0.048579103441118744;0.17507197025864812;0.16085032864839413;0.18168688467082011;0.16802606201848366;0.3269383584343317
res_wjetcr_ele_mext;Wjets_res_19;0.6255440127208309;0.06006912126376275;0.19851685261782578;0.17745853235312906;0.20740597894633653;0.18734948634657952;0.31735073564906824
res_wjetcr_ele_mext;Wjets_res_21;0.43874182349245255;0.053854734730071116;0.1662607987278714;0.14081101546865368;0.17476551618232955;0.15075833154475993;0.3789490534647685
res_wjetcr_ele_mext;Wjets_res_20;0.80344098577939;0.10620487567176162;0.3009186337824405;0.2662229438352302;0.31911048208096343;0.2866254200882233;0.3745373202370673
res_wjetcr_ele_mext;Wjets_res_10;1.0852842955736395;0.035945457966994915;0.34896751387562336;0.3153577599169998;0.3508139131918664;0.31739973643392505;0.3215447927320947
res_wjetcr_ele_mext;Wjets_res_11;0.9972518468624423;0.054706621106283014;0.36355528173910356;0.3102102242960331;0.36764827930137983;0.31499713911504273;0.3645571405888318
res_wjetcr_ele_mext;Wjets_res_12;0.8961590890524492;0.05428342476861525;0.38683359749063206;0.2992052862399229;0.3906237606087913;0.30408961428915016;0.43165728297154166
res_wjetcr_ele_mext;Wjets_res_13;0.8400496482239456;0.018778327292967585;0.2610298935391004;0.2418928149296178;0.2617044724435482;0.2426206081323187;0.3107315074662271
res_wjetcr_ele_mext;Wjets_res_14;0.7421142819990354;0.04571539368303376;0.2427799922194411;0.2304036408637279;0.24704659852276178;0.23489515734228422;0.327146368299858
res_wjetcr_ele_mext;Wjets_res_15;0.7842710834614233;0.07169997483533193;0.25792428797477496;0.2576869517587345;0.26770473421043917;0.26747607649675065;0.3288713474381997
res_wjetcr_ele_mext;Wjets_res_16;0.5900338178789757;0.06192681235084934;0.22320581180412133;0.18361320912622628;0.231637139748949;0.19377497427059204;0.37829325208255105
res_wjetcr_ele_mext;Wjets_res_17;0.6417775344495306;0.03284197931786793;0.2040383346843057;0.19001236503464092;0.2066645533860609;0.19282970329172033;0.31792688857411433
res_wjetcr_ele_mint;Wjets_res_6;0.7093700585216463;0.05456776322481118;0.31171973743456455;0.24309402344880054;0.31645984814764877;0.24914322190235288;0.4394317658179711
res_wjetcr_ele_mint;Wjets_res_7;1.1112762927014666;0.01447922504170578;0.32609378982517806;0.3365652152435044;0.32641508500735034;0.3368765234766513;0.29344078692838627
res_wjetcr_ele_mint;Wjets_res_4;1.1823736866315762;0.04040775912271423;0.4297575733829135;0.358661236679424;0.4316530538259744;0.3609302837027299;0.3634701771884277
res_wjetcr_ele_mint;Wjets_res_5;0.9843381037436044;0.058746807093825654;0.3892416316849547;0.32949474942820983;0.393649889089893;0.3346908681820852;0.395434891938657
res_wjetcr_ele_mint;Wjets_res_2;1.385140828411686;0.02566305304868365;0.37323907705607273;0.3540898961282118;0.3741203027549408;0.35501865701941265;0.2694592993003165
res_wjetcr_ele_mint;Wjets_res_3;1.3101089369099528;0.03249639488310128;0.39883522648628;0.36827713841501286;0.4001569111820521;0.3697080826267516;0.30442905566843936
res_wjetcr_ele_mint;Wjets_res_1;1.3799385854755408;0.013791553868870952;0.3849845207831994;0.38855257663316994;0.38523147353349474;0.3887972630644323;0.27898670624572025
res_wjetcr_ele_mint;Wjets_res_8;1.1341405117366552;0.02551281206008438;0.31367107604015276;0.3052222075748493;0.3147069232212734;0.30628662977034693;0.2765716177088527
res_wjetcr_ele_mint;Wjets_res_9;1.0544708784087666;0.03075686895423593;0.29803708814839;0.28956205075006597;0.2996199107199641;0.2911909446092921;0.28264136473653817
res_wjetcr_ele_mint;Wjets_res_18;0.7221992475123125;0.06586673486021484;0.2503926918880963;0.2250843285003211;0.2589110405373108;0.2345237337618227;0.34670860257830366
res_wjetcr_ele_mint;Wjets_res_19;0.5763161303012851;0.06598563439959751;0.19880582531095076;0.1798020858027742;0.20947042780470376;0.19152778912248095;0.3449596755291571
res_wjetcr_ele_mint;Wjets_res_21;0.40657740302205775;0.05652176271385822;0.1553011978909726;0.12171716276793086;0.16526697107000154;0.13420051181927983;0.3819720346891664
res_wjetcr_ele_mint;Wjets_res_20;0.3141866759912667;0.06995359831275152;0.10447675900884502;0.08245363634648455;0.1257334445956766;0.10813005162146233;0.3325308391236461
res_wjetcr_ele_mint;Wjets_res_10;1.0774613046210197;0.03943600026189824;0.344186694150493;0.28759893442173545;0.346438563885289;0.2902901052347016;0.31944227850628504
res_wjetcr_ele_mint;Wjets_res_11;0.9834694019057165;0.06220430802010729;0.3475428371762817;0.30128469417710596;0.35306571570856304;0.3076391439359638;0.3533844942230343
res_wjetcr_ele_mint;Wjets_res_12;0.6258388959324115;0.048314795142761414;0.2615197887937497;0.2087547638395276;0.26594533152588795;0.2142728887549331;0.41787078191124927
res_wjetcr_ele_mint;Wjets_res_13;0.8649001995322916;0.02100763553138151;0.24577875221956763;0.25621387317677824;0.24667491926263396;0.25707366562692796;0.284170072284035
res_wjetcr_ele_mint;Wjets_res_14;0.7897727370828636;0.04884371503835777;0.22448822657396664;0.23952981251743705;0.2297404456535089;0.2444590754776489;0.2842440819154449
res_wjetcr_ele_mint;Wjets_res_15;0.7602212194501998;0.0790442123553436;0.26110286387643467;0.20225850187646788;0.2728052291129197;0.21715544913308027;0.34345642715059577
res_wjetcr_ele_mint;Wjets_res_16;0.7475304124700973;0.07640992488489501;0.2781370270948902;0.23885725652701453;0.2884418181576641;0.2507813103413556;0.3720745302867744
res_wjetcr_ele_mint;Wjets_res_17;0.7065176389230466;0.03884335144556375;0.23147503700901914;0.18589252942232032;0.23471152232016723;0.18990744705395785;0.32762810757543054
res_wjetcr_mu_mext;Wjets_res_6;0.40830459408037817;0.03082809370441623;0.1794985539563023;0.1379030188067249;0.18212661044957662;0.14130680789493544;0.4396192366157078
res_wjetcr_mu_mext;Wjets_res_7;1.0266765382401868;0.009927712868696507;0.34787071293406197;0.3184026631792508;0.34801234518340846;0.31855739734377964;0.33883185207518496
res_wjetcr_mu_mext;Wjets_res_4;0.9546443235802774;0.027120856160745124;0.3551283908238366;0.2715209479484116;0.3561624837177822;0.27287206895117694;0.37200073582585275
res_wjetcr_mu_mext;Wjets_res_5;0.7770867382250944;0.03955209748460494;0.3136340454586991;0.2553876250484537;0.3161181470371814;0.2584322105375436;0.4036023651298634
res_wjetcr_mu_mext;Wjets_res_2;1.1491980111809235;0.016051951010686134;0.29813838633774986;0.26892966346529557;0.298570197004535;0.2694082942724789;0.25943169361334073
res_wjetcr_mu_mext;Wjets_res_3;1.0162668209736931;0.0207344890437207;0.3266656195911742;0.2967333202306569;0.3273229995872424;0.29745685799963284;0.32143686367542074
res_wjetcr_mu_mext;Wjets_res_1;1.1744985678531554;0.008393441509938334;0.38117633718956034;0.3574342151208395;0.381268737104985;0.357532750946583;0.32454389270674516
res_wjetcr_mu_mext;Wjets_res_8;1.0248320579222796;0.01812231154750871;0.27849958930377117;0.2854433898358023;0.2790885870439603;0.28601808854822236;0.27175144176148697
res_wjetcr_mu_mext;Wjets_res_9;1.0433128949589223;0.023511678650174676;0.3136151674197398;0.2917871261639218;0.3144952658922873;0.2927328577866678;0.30059550584974565
res_wjetcr_mu_mext;Wjets_res_18;0.7550324193924473;0.053131143465378616;0.2547019352884765;0.21629443445037186;0.26018453882895104;0.222724495240521;0.3373390714711665
res_wjetcr_mu_mext;Wjets_res_19;0.6056924694398174;0.052882654256070624;0.22133695642683146;0.2068748405291972;0.22756674493752418;0.2135269883765232;0.3654279483308383
res_wjetcr_mu_mext;Wjets_res_21;0.5243590596619653;0.05138300879230038;0.20119225707753377;0.16673657252611285;0.20765003708283333;0.17447434828737807;0.3836917725942123
res_wjetcr_mu_mext;Wjets_res_20;0.6189696172073232;0.07756264802297022;0.20723716357395755;0.17770288501345333;0.22127631218572494;0.19389244366514077;0.3348099128176491
res_wjetcr_mu_mext;Wjets_res_10;0.7141368891914005;0.023371410503444944;0.21370261767126458;0.2074157980610465;0.21497681649068864;0.20872837879459843;0.2992460141825677
res_wjetcr_mu_mext;Wjets_res_11;0.7559711513777128;0.03974895523777044;0.2875087833293295;0.24954709749998685;0.2902434838786318;0.2526929625319277;0.3803171361835193
res_wjetcr_mu_mext;Wjets_res_12;0.5975797812239624;0.03637540477071782;0.25319724237471736;0.20058012532292452;0.2557968209700717;0.20385180094076594;0.42370449993491927
res_wjetcr_mu_mext;Wjets_res_13;0.9480312648840094;0.017445584247648284;0.28723422102646784;0.26542678876998405;0.28776352468376454;0.2659994898613295;0.30297969240667466
res_wjetcr_mu_mext;Wjets_res_14;0.9731624989974861;0.04476300743002279;0.3055410317878628;0.27546574166705234;0.3088026051382534;0.2790790240529723;0.3139671248148374
res_wjetcr_mu_mext;Wjets_res_15;0.7675056963691888;0.06298060057310739;0.22841121032349648;0.21580609751721005;0.23693509037285684;0.22480842460672346;0.2976019740361968
res_wjetcr_mu_mext;Wjets_res_16;0.48552061129118274;0.04937555532221896;0.181873480467271;0.14864828172938538;0.18845664849151997;0.15663415056901298;0.3745947674262493
res_wjetcr_mu_mext;Wjets_res_17;0.7681997491632143;0.032436088626507195;0.24637523373982456;0.22670335899595664;0.24850121860011032;0.22901203642043844;0.3207176701218616
res_wjetcr_mu_mint;Wjets_res_6;0.5584779358070509;0.038244889134068275;0.2405932757992566;0.18168706937349194;0.24361403059900785;0.18566869074349948;0.4308017566559325
res_wjetcr_mu_mint;Wjets_res_7;0.9827252175953483;0.011350718556121915;0.31110780309478925;0.3091656824601031;0.31131479881015367;0.30937397761085467;0.3165765948858479
res_wjetcr_mu_mint;Wjets_res_4;0.9178946897255416;0.028149618682003972;0.3186344569290937;0.25587095158939044;0.31987547291788515;0.25741473325977754;0.34713618075769476
res_wjetcr_mu_mint;Wjets_res_5;0.8508549210783258;0.043909697617497696;0.3573546190344104;0.2574708498984267;0.36004219931848086;0.2611882464665634;0.4199947725301032
res_wjetcr_mu_mint;Wjets_res_2;1.147367151358901;0.018199486660654393;0.3183872521006782;0.2988319328421673;0.3189069827001788;0.29938561321629487;0.27749378367995947
res_wjetcr_mu_mint;Wjets_res_3;1.0152973352321175;0.022335178344410365;0.3104716149743363;0.27838040852799395;0.3112739691918506;0.27927497568505744;0.3057937849342983
res_wjetcr_mu_mint;Wjets_res_1;1.1056206006458564;0.00931283980340965;0.3405831610563649;0.3305184376249321;0.34071046150705403;0.33064961302749185;0.30804704693220325
res_wjetcr_mu_mint;Wjets_res_8;1.0081859199593377;0.020257675027844528;0.2821592131700295;0.25425784637928994;0.28288548031714866;0.2550635721598997;0.27986823420566087
res_wjetcr_mu_mint;Wjets_res_9;0.9426051214199623;0.024135852814507162;0.26449733632223726;0.26963877363177663;0.2655962731527727;0.2707168403271803;0.28060248168797586
res_wjetcr_mu_mint;Wjets_res_18;0.7166981129363683;0.05600403493559302;0.22922637901202517;0.19488058925846857;0.235968609700595;0.2027680842706639;0.3198367274512092
res_wjetcr_mu_mint;Wjets_res_19;0.6034804814052488;0.05606972006431831;0.20424597427837934;0.18466329123311812;0.21180234067879283;0.1929879390975986;0.3384466947510507
res_wjetcr_mu_mint;Wjets_res_21;0.5918817035155156;0.0578629781946444;0.22095950500488382;0.1709987697435198;0.22841021671010509;0.18052341537692887;0.3733170052266898
res_wjetcr_mu_mint;Wjets_res_20;0.46764928565865643;0.07478066508448554;0.16815125692756075;0.16266174872479308;0.18402987006678165;0.17902790946856784;0.3595670133243753
res_wjetcr_mu_mint;Wjets_res_10;0.8903872396722378;0.028692578404254286;0.264818966831387;0.2745261507150185;0.26636882184130994;0.276021505469935;0.29741999327042257
res_wjetcr_mu_mint;Wjets_res_11;0.575744230453412;0.03670695916424849;0.19831784265051955;0.17284159942183272;0.20168630980966962;0.17669640443931814;0.3444547633492387
res_wjetcr_mu_mint;Wjets_res_12;0.595693063629092;0.03889615929134565;0.24472645838945012;0.19796368822310437;0.24779820548878273;0.20174868788300013;0.410826436182626
res_wjetcr_mu_mint;Wjets_res_13;0.9385348599862422;0.01923137426834934;0.27927347936335917;0.26109309825996113;0.27993485319260614;0.26180040434505647;0.29756324593787914
res_wjetcr_mu_mint;Wjets_res_14;0.8115201026810521;0.04413979245940197;0.23932222345885962;0.2510540544873659;0.24335868161964433;0.25490480488391026;0.29490609372238713
res_wjetcr_mu_mint;Wjets_res_15;0.6630295580202819;0.06027147404030846;0.199929648172679;0.19086822952802066;0.20881694088709082;0.20015826644471307;0.30153957052780933
res_wjetcr_mu_mint;Wjets_res_16;0.7546620741609473;0.06702077196517071;0.28613591085140183;0.25448847759733684;0.2938801513433134;0.26316566855237333;0.37915766625682773
res_wjetcr_mu_mint;Wjets_res_17;0.7147965893672573;0.03377783092331468;0.22520281151313473;0.19972395622777256;0.22772186582606538;0.20256011589934786;0.31505859829645494
