5 20.0 30.0 -3 -1.3 0.582223
5 20.0 30.0 -1.3 -0.5 0.712954
5 20.0 30.0 -0.5 0.5 0.74747
5 20.0 30.0 0.5 1.3 0.772833
5 20.0 30.0 1.3 3 0.587972
5 30.0 50.0 -3 -1.3 0.674091
5 30.0 50.0 -1.3 -0.5 0.777111
5 30.0 50.0 -0.5 0.5 0.785192
5 30.0 50.0 0.5 1.3 0.760978
5 30.0 50.0 1.3 3 0.644512
5 50.0 70.0 -3 -1.3 0.734843
5 50.0 70.0 -1.3 -0.5 0.790106
5 50.0 70.0 -0.5 0.5 0.838485
5 50.0 70.0 0.5 1.3 0.792829
5 50.0 70.0 1.3 3 0.72498
5 70.0 100.0 -3 -1.3 0.704423
5 70.0 100.0 -1.3 -0.5 0.79426
5 70.0 100.0 -0.5 0.5 0.835385
5 70.0 100.0 0.5 1.3 0.790378
5 70.0 100.0 1.3 3 0.718634
5 100.0 140.0 -3 -1.3 0.776355
5 100.0 140.0 -1.3 -0.5 0.835312
5 100.0 140.0 -0.5 0.5 0.819145
5 100.0 140.0 0.5 1.3 0.805323
5 100.0 140.0 1.3 3 0.737183
5 140.0 200.0 -3 -1.3 0.759886
5 140.0 200.0 -1.3 -0.5 0.790852
5 140.0 200.0 -0.5 0.5 0.815188
5 140.0 200.0 0.5 1.3 0.816984
5 140.0 200.0 1.3 3 0.767012
5 200.0 300.0 -3 -1.3 0.78086
5 200.0 300.0 -1.3 -0.5 0.793943
5 200.0 300.0 -0.5 0.5 0.839107
5 200.0 300.0 0.5 1.3 0.775934
5 200.0 300.0 1.3 3 0.696209
5 300.0 600.0 -3 -1.3 0.680697 
5 300.0 600.0 -1.3 -0.5 0.898285 
5 300.0 600.0 -0.5 0.5 0.793458 
5 300.0 600.0 0.5 1.3 0.796447 
5 300.0 600.0 1.3 3 0.427491 
5 600.0 1000.0 -3 -1.3 0.7172 
5 600.0 1000.0 -1.3 -0.5 0.7172 
5 600.0 1000.0 -0.5 0.5 0.7172 
5 600.0 1000.0 0.5 1.3 0.7172 
5 600.0 1000.0 1.3 3 0.7172
4 20.0 30.0 -3 -1.3 0.140855
4 20.0 30.0 -1.3 -0.5 0.218035
4 20.0 30.0 -0.5 0.5 0.201361
4 20.0 30.0 0.5 1.3 0.163482
4 20.0 30.0 1.3 3 0.247325
4 30.0 50.0 -3 -1.3 0.152171
4 30.0 50.0 -1.3 -0.5 0.175701
4 30.0 50.0 -0.5 0.5 0.154702
4 30.0 50.0 0.5 1.3 0.12086
4 30.0 50.0 1.3 3 0.212551
4 50.0 70.0 -3 -1.3 0.156954
4 50.0 70.0 -1.3 -0.5 0.130442
4 50.0 70.0 -0.5 0.5 0.147114
4 50.0 70.0 0.5 1.3 0.184611
4 50.0 70.0 1.3 3 0.0993893
4 70.0 100.0 -3 -1.3 0.115929
4 70.0 100.0 -1.3 -0.5 0.160747
4 70.0 100.0 -0.5 0.5 0.108898
4 70.0 100.0 0.5 1.3 0.169493
4 70.0 100.0 1.3 3 0.154024
4 100.0 140.0 -3 -1.3 0.119723
4 100.0 140.0 -1.3 -0.5 0.191186
4 100.0 140.0 -0.5 0.5 0.180454
4 100.0 140.0 0.5 1.3 0.110411
4 100.0 140.0 1.3 3 0.189583
4 140.0 200.0 -3 -1.3 0.186879
4 140.0 200.0 -1.3 -0.5 0.20214
4 140.0 200.0 -0.5 0.5 0.136358
4 140.0 200.0 0.5 1.3 0.208103
4 140.0 200.0 1.3 3 0.0950765
4 200.0 300.0 -3 -1.3 0.0344555
4 200.0 300.0 -1.3 -0.5 0.174578
4 200.0 300.0 -0.5 0.5 0.245359
4 200.0 300.0 0.5 1.3 0.216079
4 200.0 300.0 1.3 3 0.147633
4 300.0 600.0 -3 -1.3 0.324161
4 300.0 600.0 -1.3 -0.5 0.188052
4 300.0 600.0 -0.5 0.5 0.188052
4 300.0 600.0 0.5 1.3 0.188052
4 300.0 600.0 1.3 3 0.184383
4 600.0 1000.0 -3 -1.3 0.291141
4 600.0 1000.0 -1.3 -0.5 0.291141
4 600.0 1000.0 -0.5 0.5 0.291141
4 600.0 1000.0 0.5 1.3 0.291141
4 600.0 1000.0 1.3 3 0.291141
0 20.0 30.0 -3 -1.3 0.0466889
0 20.0 30.0 -1.3 -0.5 0.0231113
0 20.0 30.0 -0.5 0.5 0.0284188
0 20.0 30.0 0.5 1.3 0.0237414
0 20.0 30.0 1.3 3 0.0298764
0 30.0 50.0 -3 -1.3 0.0248645
0 30.0 50.0 -1.3 -0.5 0.0201515
0 30.0 50.0 -0.5 0.5 0.0235044
0 30.0 50.0 0.5 1.3 0.0168051
0 30.0 50.0 1.3 3 0.0338397
0 50.0 70.0 -3 -1.3 0.0196244
0 50.0 70.0 -1.3 -0.5 0.0141007
0 50.0 70.0 -0.5 0.5 0.00504553
0 50.0 70.0 0.5 1.3 0.00914472
0 50.0 70.0 1.3 3 0.0145034
0 70.0 100.0 -3 -1.3 0.0202125
0 70.0 100.0 -1.3 -0.5 0.0245224
0 70.0 100.0 -0.5 0.5 0.0140025
0 70.0 100.0 0.5 1.3 0.00530963
0 70.0 100.0 1.3 3 0.0255955
0 100.0 140.0 -3 -1.3 0.0217038
0 100.0 140.0 -1.3 -0.5 0.0149771
0 100.0 140.0 -0.5 0.5 0.0108586
0 100.0 140.0 0.5 1.3 0.00808541
0 100.0 140.0 1.3 3 0.0209545
0 140.0 200.0 -3 -1.3 0.0103328
0 140.0 200.0 -1.3 -0.5 0.00765176
0 140.0 200.0 -0.5 0.5 0.00819602
0 140.0 200.0 0.5 1.3 0.0118111
0 140.0 200.0 1.3 3 0.00802796
0 200.0 300.0 -3 -1.3 0.0254017
0 200.0 300.0 -1.3 -0.5 0.0129032
0 200.0 300.0 -0.5 0.5 0.00928087
0 200.0 300.0 0.5 1.3 0.00608221
0 200.0 300.0 1.3 3 0.0242369
0 300.0 600.0 -3 -1.3 0.123608
0 300.0 600.0 -1.3 -0.5 0.0504431
0 300.0 600.0 -0.5 0.5 0.0215551
0 300.0 600.0 0.5 1.3 0.0125361
0 300.0 600.0 1.3 3 0.0476623
0 600.0 1000.0 -3 -1.3 0.0351654
0 600.0 1000.0 -1.3 -0.5 0.0351654
0 600.0 1000.0 -0.5 0.5 0.0351654
0 600.0 1000.0 0.5 1.3 0.0351654
0 600.0 1000.0 1.3 3 0.0351654
