5 20.0 30.0 -3 -1.3 0.617856  
5 20.0 30.0 -1.3 -0.5 0.62835  
5 20.0 30.0 -0.5 0.5 0.722286  
5 20.0 30.0 0.5 1.3 0.665912  
5 20.0 30.0 1.3 3 0.617547
5 30.0 50.0 -3 -1.3 0.674961  
5 30.0 50.0 -1.3 -0.5 0.764588  
5 30.0 50.0 -0.5 0.5 0.766418  
5 30.0 50.0 0.5 1.3 0.749577  
5 30.0 50.0 1.3 3 0.657258
5 50.0 70.0 -3 -1.3 0.700117  
5 50.0 70.0 -1.3 -0.5 0.786721  
5 50.0 70.0 -0.5 0.5 0.798093  
5 50.0 70.0 0.5 1.3 0.772173  
5 50.0 70.0 1.3 3 0.67213
5 70.0 100.0 -3 -1.3 0.719107  
5 70.0 100.0 -1.3 -0.5 0.77743  
5 70.0 100.0 -0.5 0.5 0.819571  
5 70.0 100.0 0.5 1.3 0.79842  
5 70.0 100.0 1.3 3 0.687964
5 100.0 140.0 -3 -1.3 0.736207  
5 100.0 140.0 -1.3 -0.5 0.77401  
5 100.0 140.0 -0.5 0.5 0.842615  
5 100.0 140.0 0.5 1.3 0.815209  
5 100.0 140.0 1.3 3 0.701444
5 140.0 200.0 -3 -1.3 0.737612  
5 140.0 200.0 -1.3 -0.5 0.791333  
5 140.0 200.0 -0.5 0.5 0.792079  
5 140.0 200.0 0.5 1.3 0.812852  
5 140.0 200.0 1.3 3 0.762497
5 200.0 300.0 -3 -1.3 0.821874  
5 200.0 300.0 -1.3 -0.5 0.797295  
5 200.0 300.0 -0.5 0.5 0.807357  
5 200.0 300.0 0.5 1.3 0.800026  
5 200.0 300.0 1.3 3 0.74473
5 300.0 600.0 -3 -1.3 0.83298  
5 300.0 600.0 -1.3 -0.5 0.791974  
5 300.0 600.0 -0.5 0.5 0.833457  
5 300.0 600.0 0.5 1.3 0.808877  
5 300.0 600.0 1.3 3 0.596238
5 600.0 1000.0 -3 -1.3 0.537102  
5 600.0 1000.0 -1.3 -0.5 0.537102  
5 600.0 1000.0 -0.5 0.5 0.537102  
5 600.0 1000.0 0.5 1.3 0.537102  
5 600.0 1000.0 1.3 3 0.537102
4 20.0 30.0 -3 -1.3 0.173697  
4 20.0 30.0 -1.3 -0.5 0.126467  
4 20.0 30.0 -0.5 0.5 0.221088  
4 20.0 30.0 0.5 1.3 0.0773963  
4 20.0 30.0 1.3 3 0.189849
4 30.0 50.0 -3 -1.3 0.132957  
4 30.0 50.0 -1.3 -0.5 0.15982  
4 30.0 50.0 -0.5 0.5 0.138292  
4 30.0 50.0 0.5 1.3 0.197433  
4 30.0 50.0 1.3 3 0.114248
4 50.0 70.0 -3 -1.3 0.124281  
4 50.0 70.0 -1.3 -0.5 0.158063  
4 50.0 70.0 -0.5 0.5 0.153745  
4 50.0 70.0 0.5 1.3 0.142847  
4 50.0 70.0 1.3 3 0.174574
4 70.0 100.0 -3 -1.3 0.163842  
4 70.0 100.0 -1.3 -0.5 0.106736  
4 70.0 100.0 -0.5 0.5 0.0986733  
4 70.0 100.0 0.5 1.3 0.122507  
4 70.0 100.0 1.3 3 0.154634
4 100.0 140.0 -3 -1.3 0.122717  
4 100.0 140.0 -1.3 -0.5 0.137843  
4 100.0 140.0 -0.5 0.5 0.105318  
4 100.0 140.0 0.5 1.3 0.088031  
4 100.0 140.0 1.3 3 0.110374
4 140.0 200.0 -3 -1.3 0.242738  
4 140.0 200.0 -1.3 -0.5 0.129017  
4 140.0 200.0 -0.5 0.5 0.169492  
4 140.0 200.0 0.5 1.3 0.179398  
4 140.0 200.0 1.3 3 0.168395
4 200.0 300.0 -3 -1.3 0.174516  
4 200.0 300.0 -1.3 -0.5 0.200468  
4 200.0 300.0 -0.5 0.5 0.217081  
4 200.0 300.0 0.5 1.3 0.0208725  
4 200.0 300.0 1.3 3 0.0693728
4 300.0 600.0 -3 -1.3 0.0464013  
4 300.0 600.0 -1.3 -0.5 0.0405327  
4 300.0 600.0 -0.5 0.5 0.288378  
4 300.0 600.0 0.5 1.3 0.289284  
4 300.0 600.0 1.3 3 0.0615383
4 600.0 1000.0 -3 -1.3 0.202924
4 600.0 1000.0 -1.3 -0.5 0.202924
4 600.0 1000.0 -0.5 0.5 0.202924
4 600.0 1000.0 0.5 1.3 0.202924
4 600.0 1000.0 1.3 3 0.202924
0 20.0 30.0 -3 -1.3 0.0264117  
0 20.0 30.0 -1.3 -0.5 0.0251531  
0 20.0 30.0 -0.5 0.5 0.0333543  
0 20.0 30.0 0.5 1.3 0.0234617  
0 20.0 30.0 1.3 3 0.0369853
0 30.0 50.0 -3 -1.3 0.0223558  
0 30.0 50.0 -1.3 -0.5 0.011799  
0 30.0 50.0 -0.5 0.5 0.0149976  
0 30.0 50.0 0.5 1.3 0.013131  
0 30.0 50.0 1.3 3 0.028082
0 50.0 70.0 -3 -1.3 0.00755315  
0 50.0 70.0 -1.3 -0.5 0.0123701  
0 50.0 70.0 -0.5 0.5 0.011399  
0 50.0 70.0 0.5 1.3 0.0107725  
0 50.0 70.0 1.3 3 0.0145404
0 70.0 100.0 -3 -1.3 0.0101386  
0 70.0 100.0 -1.3 -0.5 0.00929042  
0 70.0 100.0 -0.5 0.5 0.0147447  
0 70.0 100.0 0.5 1.3 0.0124106  
0 70.0 100.0 1.3 3 0.0169239
0 100.0 140.0 -3 -1.3 0.0119932  
0 100.0 140.0 -1.3 -0.5 0.00474179  
0 100.0 140.0 -0.5 0.5 0.00175529  
0 100.0 140.0 0.5 1.3 0.00820277  
0 100.0 140.0 1.3 3 0.0123394
0 140.0 200.0 -3 -1.3 0.0118676  
0 140.0 200.0 -1.3 -0.5 0.0143341  
0 140.0 200.0 -0.5 0.5 0.00545033  
0 140.0 200.0 0.5 1.3 0.008181  
0 140.0 200.0 1.3 3 0.0283113
0 200.0 300.0 -3 -1.3 0.0147406  
0 200.0 300.0 -1.3 -0.5 0.00784609  
0 200.0 300.0 -0.5 0.5 0.0129207  
0 200.0 300.0 0.5 1.3 0.0260844  
0 200.0 300.0 1.3 3 0.0227252
0 300.0 600.0 -3 -1.3 0.0848254  
0 300.0 600.0 -1.3 -0.5 0.0292006  
0 300.0 600.0 -0.5 0.5 0.00960331  
0 300.0 600.0 0.5 1.3 0.0406763  
0 300.0 600.0 1.3 3 0.0741863
0 600.0 1000.0 -3 -1.3 0.105202
0 600.0 1000.0 -1.3 -0.5 0.105202
0 600.0 1000.0 -0.5 0.5 0.105202  
0 600.0 1000.0 0.5 1.3 0.105202
0 600.0 1000.0 1.3 3 0.105202
