5 20 30 -3.0 -1.3 0.681233
5 20 30 -1.3 -0.5 0.740935
5 20 30 -0.5 0.5 0.78746
5 20 30 0.5 1.3 0.726734
5 20 30 1.3 3.0 0.598391
5 30 50 -3.0 -1.3 0.737181
5 30 50 -1.3 -0.5 0.804014
5 30 50 -0.5 0.5 0.815747
5 30 50 0.5 1.3 0.820141
5 30 50 1.3 3.0 0.74348
5 50 70 -3.0 -1.3 0.78774
5 50 70 -1.3 -0.5 0.819808
5 50 70 -0.5 0.5 0.842219
5 50 70 0.5 1.3 0.833635
5 50 70 1.3 3.0 0.773615
5 70 100 -3.0 -1.3 0.767459
5 70 100 -1.3 -0.5 0.844828
5 70 100 -0.5 0.5 0.8448
5 70 100 0.5 1.3 0.838635
5 70 100 1.3 3.0 0.792347
5 100 140 -3.0 -1.3 0.791909
5 100 140 -1.3 -0.5 0.863087
5 100 140 -0.5 0.5 0.858518
5 100 140 0.5 1.3 0.843479
5 100 140 1.3 3.0 0.817195
5 140 200 -3.0 -1.3 0.804852
5 140 200 -1.3 -0.5 0.88069
5 140 200 -0.5 0.5 0.850986
5 140 200 0.5 1.3 0.831334
5 140 200 1.3 3.0 0.804537
5 200 300 -3.0 -1.3 0.809201
5 200 300 -1.3 -0.5 0.873161
5 200 300 -0.5 0.5 0.867238
5 200 300 0.5 1.3 0.808481
5 200 300 1.3 3.0 0.79614
5 300 600 -3.0 -1.3 0.841584
5 300 600 -1.3 -0.5 0.838748
5 300 600 -0.5 0.5 0.843069
5 300 600 0.5 1.3 0.873639
5 300 600 1.3 3.0 0.82305
5 600 1000 -3.0 -1.3 0.6406
5 600 1000 -1.3 -0.5 0.6406
5 600 1000 -0.5 0.5 0.6406
5 600 1000 0.5 1.3 0.6406
5 600 1000 1.3 3.0 0.6406
4 20 30 -3.0 -1.3 0.162553
4 20 30 -1.3 -0.5 0.229167
4 20 30 -0.5 0.5 0.208892
4 20 30 0.5 1.3 0.173372
4 20 30 1.3 3.0 0.121619
4 30 50 -3.0 -1.3 0.191572
4 30 50 -1.3 -0.5 0.174988
4 30 50 -0.5 0.5 0.184099
4 30 50 0.5 1.3 0.165607
4 30 50 1.3 3.0 0.177345
4 50 70 -3.0 -1.3 0.149376
4 50 70 -1.3 -0.5 0.118491
4 50 70 -0.5 0.5 0.142244
4 50 70 0.5 1.3 0.141047
4 50 70 1.3 3.0 0.181992
4 70 100 -3.0 -1.3 0.11813
4 70 100 -1.3 -0.5 0.138289
4 70 100 -0.5 0.5 0.127365
4 70 100 0.5 1.3 0.154027
4 70 100 1.3 3.0 0.176773
4 100 140 -3.0 -1.3 0.146026
4 100 140 -1.3 -0.5 0.121306
4 100 140 -0.5 0.5 0.126117
4 100 140 0.5 1.3 0.115768
4 100 140 1.3 3.0 0.160991
4 140 200 -3.0 -1.3 0.241167
4 140 200 -1.3 -0.5 0.115979
4 140 200 -0.5 0.5 0.105766
4 140 200 0.5 1.3 0.144219
4 140 200 1.3 3.0 0.191602
4 200 300 -3.0 -1.3 0.197284
4 200 300 -1.3 -0.5 0.116524
4 200 300 -0.5 0.5 0.206289
4 200 300 0.5 1.3 0.249029
4 200 300 1.3 3.0 0.167286
4 300 600 -3.0 -1.3 0.203969
4 300 600 -1.3 -0.5 0.149716
4 300 600 -0.5 0.5 0.192917
4 300 600 0.5 1.3 0.181324
4 300 600 1.3 3.0 0.212316
4 600 1000 -3.0 -1.3 0.2087
4 600 1000 -1.3 -0.5 0.2087
4 600 1000 -0.5 0.5 0.2087
4 600 1000 0.5 1.3 0.2087
4 600 1000 1.3 3.0 0.2087
0 20 30 -3.0 -1.3 0.0299314
0 20 30 -1.3 -0.5  0.0228025
0 20 30 -0.5 0.5 0.0295135
0 20 30 0.5 1.3 0.0244341
0 20 30 1.3 3.0 0.0286674
0 30 50 -3.0 -1.3 0.0174441
0 30 50 -1.3 -0.5  0.0122124
0 30 50 -0.5 0.5 0.0136974
0 30 50 0.5 1.3 0.0205653
0 30 50 1.3 3.0 0.0154207
0 50 70 -3.0 -1.3 0.0185511
0 50 70 -1.3 -0.5  0.0119556
0 50 70 -0.5 0.5 0.00810384
0 50 70 0.5 1.3 0.00816711
0 50 70 1.3 3.0 0.00889056
0 70 100 -3.0 -1.3 0.00900277
0 70 100 -1.3 -0.5  0.0120396
0 70 100 -0.5 0.5 0.0117335
0 70 100 0.5 1.3 0.00683717
0 70 100 1.3 3.0 0.00955916
0 100 140 -3.0 -1.3 0.00747474
0 100 140 -1.3 -0.5  0.0109195
0 100 140 -0.5 0.5 0.00547191
0 100 140 0.5 1.3 0.0108247
0 100 140 1.3 3.0 0.0143181
0 140 200 -3.0 -1.3 0.0256653
0 140 200 -1.3 -0.5  0.0113449
0 140 200 -0.5 0.5 0.00954952
0 140 200 0.5 1.3 0.00394511
0 140 200 1.3 3.0 0.0197134
0 200 300 -3.0 -1.3 0.0303321
0 200 300 -1.3 -0.5  0.002620
0 200 300 -0.5 0.5 0.002620
0 200 300 0.5 1.3 0.002620
0 200 300 1.3 3.0 0.02107
0 300 600 -3.0 -1.3 0.0498219
0 300 600 -1.3 -0.5  0.0305428
0 300 600 -0.5 0.5 0.0247173
0 300 600 0.5 1.3 0.0234849
0 300 600 1.3 3.0 0.0636147
0 600 1000 -3.0 -1.3 0.05665
0 600 1000 -1.3 -0.5  0.05665
0 600 1000 -0.5 0.5 0.05665
0 600 1000 0.5 1.3 0.05665
0 600 1000 1.3 3.0 0.05665
