5 20 30 -3.0 -1.3 0.721408
5 20 30 -1.3 -0.5 0.763946
5 20 30 -0.5 0.5 0.776939
5 20 30 0.5 1.3 0.775644
5 20 30 1.3 3.0 0.640054
5 30 50 -3.0 -1.3 0.752841
5 30 50 -1.3 -0.5 0.808457
5 30 50 -0.5 0.5 0.815037
5 30 50 0.5 1.3 0.796146
5 30 50 1.3 3.0 0.749958
5 50 70 -3.0 -1.3 0.805694
5 50 70 -1.3 -0.5 0.827073
5 50 70 -0.5 0.5 0.84266
5 50 70 0.5 1.3 0.83408
5 50 70 1.3 3.0 0.769882
5 70 100 -3.0 -1.3 0.792624
5 70 100 -1.3 -0.5 0.841439
5 70 100 -0.5 0.5 0.85445
5 70 100 0.5 1.3 0.82775
5 70 100 1.3 3.0 0.778115
5 100 140 -3.0 -1.3 0.800765
5 100 140 -1.3 -0.5 0.856049
5 100 140 -0.5 0.5 0.861659
5 100 140 0.5 1.3 0.846161
5 100 140 1.3 3.0 0.784532
5 140 200 -3.0 -1.3 0.776811
5 140 200 -1.3 -0.5 0.866321 
5 140 200 -0.5 0.5 0.854062
5 140 200 0.5 1.3 0.847078
5 140 200 1.3 3.0 0.82205
5 200 300 -3.0 -1.3 0.789909
5 200 300 -1.3 -0.5 0.847078
5 200 300 -0.5 0.5 0.857174
5 200 300 0.5 1.3 0.837978
5 200 300 1.3 3.0 0.780295
5 300 600 -3.0 -1.3 0.794979
5 300 600 -1.3 -0.5 0.82102
5 300 600 -0.5 0.5 0.830982
5 300 600 0.5 1.3 0.869215
5 300 600 1.3 3.0 0.818852
5 600 1000 -3.0 -1.3 0.717253
5 600 1000 -1.3 -0.5 0.717253
5 600 1000 -0.5 0.5 0.717253
5 600 1000 0.5 1.3 0.717253
5 600 1000 1.3 3.0 0.717253
4 20 30 -3.0 -1.3 0.236043
4 20 30 -1.3 -0.5 0.207992
4 20 30 -0.5 0.5 0.242059
4 20 30 0.5 1.3 0.184143
4 20 30 1.3 3.0 0.18712
4 30 50 -3.0 -1.3 0.174692
4 30 50 -1.3 -0.5 0.16312
4 30 50 -0.5 0.5 0.163541
4 30 50 0.5 1.3 0.205334
4 30 50 1.3 3.0 0.185672
4 50 70 -3.0 -1.3 0.157336
4 50 70 -1.3 -0.5 0.145032
4 50 70 -0.5 0.5 0.152708
4 50 70 0.5 1.3 0.15432
4 50 70 1.3 3.0 0.140563
4 70 100 -3.0 -1.3 0.174245
4 70 100 -1.3 -0.5 0.141908
4 70 100 -0.5 0.5 0.156133
4 70 100 0.5 1.3 0.158656
4 70 100 1.3 3.0 0.150682
4 100 140 -3.0 -1.3 0.111451
4 100 140 -1.3 -0.5 0.183001 
4 100 140 -0.5 0.5 0.145864
4 100 140 0.5 1.3 0.130471 
4 100 140 1.3 3.0 0.149751
4 140 200 -3.0 -1.3 0.153638
4 140 200 -1.3 -0.5 0.176037
4 140 200 -0.5 0.5 0.148409
4 140 200 0.5 1.3 0.168453
4 140 200 1.3 3.0 0.158572
4 200 300 -3.0 -1.3 0.132897
4 200 300 -1.3 -0.5 0.174441
4 200 300 -0.5 0.5 0.105628
4 200 300 0.5 1.3 0.165687
4 200 300 1.3 3.0 0.121273
4 300 600 -3.0 -1.3 0.261236 
4 300 600 -1.3 -0.5 0.131345
4 300 600 -0.5 0.5 0.234485
4 300 600 0.5 1.3 0.239063
4 300 600 1.3 3.0 0.169722
4 600 1000 -3.0 -1.3 0.274154
4 600 1000 -1.3 -0.5 0.274154
4 600 1000 -0.5 0.5 0.274154
4 600 1000 0.5 1.3 0.274154
4 600 1000 1.3 3.0 0.274154
0 20 30 -3.0 -1.3 0.0336329
0 20 30 -1.3 -0.5 0.0282402
0 20 30 -0.5 0.5 0.0224677
0 20 30 0.5 1.3 0.0328182
0 20 30 1.3 3.0 0.0320849
0 30 50 -3.0 -1.3 0.0218269
0 30 50 -1.3 -0.5 0.0140531
0 30 50 -0.5 0.5 0.0159263
0 30 50 0.5 1.3 0.0134381
0 30 50 1.3 3.0 0.0227061
0 50 70 -3.0 -1.3 0.0179786
0 50 70 -1.3 -0.5 0.0123736
0 50 70 -0.5 0.5 0.0100014
0 50 70 0.5 1.3 0.0120277
0 50 70 1.3 3.0 0.0160457
0 70 100 -3.0 -1.3 0.0135382
0 70 100 -1.3 -0.5 0.0103292
0 70 100 -0.5 0.5 0.00915576
0 70 100 0.5 1.3 0.0140992
0 70 100 1.3 3.0 0.00953463
0 100 140 -3.0 -1.3 0.0121656
0 100 140 -1.3 -0.5 0.00877092
0 100 140 -0.5 0.5 0.00689466
0 100 140 0.5 1.3 0.00864161
0 100 140 1.3 3.0 0.0105225
0 140 200 -3.0 -1.3 0.0139078
0 140 200 -1.3 -0.5 0.00737037
0 140 200 -0.5 0.5 0.00916702
0 140 200 0.5 1.3 0.00506242
0 140 200 1.3 3.0 0.0178862
0 200 300 -3.0 -1.3 0.0368597
0 200 300 -1.3 -0.5 0.0121993
0 200 300 -0.5 0.5 0.0063694
0 200 300 0.5 1.3 0.0165565
0 200 300 1.3 3.0 0.0274788
0 300 600 -3.0 -1.3 0.0222732
0 300 600 -1.3 -0.5 0.0341331
0 300 600 -0.5 0.5 0.0185398
0 300 600 0.5 1.3 0.0205897
0 300 600 1.3 3.0 0.0408983
0 600 1000 -3.0 -1.3 0.0599657
0 600 1000 -1.3 -0.5 0.0599657
0 600 1000 -0.5 0.5 0.0599657
0 600 1000 0.5 1.3 0.0599657
0 600 1000 1.3 3.0 0.05996567
