1000 600 274.26413 398.42610877328445 90.58635661603599 156.32114535580507 141.63687867708458 0.5
1000 600 274.26413 398.42610877328445 166.19070640971327 286.78845848247516 141.63687867708458 1.0
1000 600 274.26413 398.42610877328445 262.0581517057877 452.22296110341887 141.63687867708458 1.5
1000 600 274.26413 398.42610877328445 370.7212404539814 639.7383787177544 141.63687867708458 2.0
1000 600 274.26413 398.42610877328445 470.7265470457286 812.3134181836095 141.63687867708458 2.5
1000 600 274.26413 398.42610877328445 544.7011871939468 939.9684084849408 141.63687867708458 3.0
600 400 132.99747 207.46631510760108 54.7317521021014 100.66160819307318 148.5401043795829 0.5
600 400 132.99747 207.46631510760108 108.90512904877026 200.29626331115531 148.5401043795829 1.0
600 400 132.99747 207.46631510760108 173.47348645109759 319.04917080767666 148.5401043795829 1.5
600 400 132.99747 207.46631510760108 245.86401331121453 452.1884651260739 148.5401043795829 2.0
600 400 132.99747 207.46631510760108 375.12828750496516 689.9288849463587 148.5401043795829 2.5
600 400 132.99747 207.46631510760108 462.5309505495488 850.6782175460586 148.5401043795829 3.0
800 600 143.88982 210.3095478701062 49.66943900596531 113.8736424152468 144.043274478325 0.5
800 600 143.88982 210.3095478701062 99.60932933940397 228.36732963816158 144.043274478325 1.0
800 600 143.88982 210.3095478701062 171.0021106566522 392.04455679133827 144.043274478325 1.5
800 600 143.88982 210.3095478701062 251.70041683534706 577.0559087457088 144.043274478325 2.0
800 600 143.88982 210.3095478701062 353.4426385115777 810.3131711903369 144.043274478325 2.5
800 600 143.88982 210.3095478701062 423.44316909972673 970.7984826534889 144.043274478325 3.0
900 400 316.48987 484.0025504143227 101.82301815758875 192.20087518863903 153.69682689281362 0.5
900 400 316.48987 484.0025504143227 185.54044525460614 350.2256818358442 153.69682689281362 1.0
900 400 316.48987 484.0025504143227 302.59715995387006 571.1816446328336 153.69682689281362 1.5
900 400 316.48987 484.0025504143227 444.3056002787781 838.6701432541491 153.69682689281362 2.0
900 400 316.48987 484.0025504143227 529.5180581856578 999.5169663303386 153.69682689281362 2.5
900 400 316.48987 484.0025504143227 654.3406874152677 1235.1318500312686 153.69682689281362 3.0
