900 400 316.48987 479.1251 160.4942973819907 296.02955960527726 150.7530177083787 0.5
900 400 316.48987 479.1251 247.4794278646657 456.47245563980846 150.7530177083787 1.0
900 400 316.48987 479.1251 327.71167817799943 604.459755586465 150.7530177083787 1.5
900 400 316.48987 479.1251 406.04461627606076 748.9437998548103 150.7530177083787 2.0
900 400 316.48987 479.1251 483.89374868062106 892.5354710686743 150.7530177083787 2.5
900 400 316.48987 479.1251 561.7638984143215 1036.1659084617168 150.7530177083787 3.0
500 350 98.35996 163.72499 94.01432803581497 269.0184513314765 156.389218328714 0.5
500 350 98.35996 163.72499 144.96846612567103 414.8217943351232 156.389218328714 1.0
500 350 98.35996 163.72499 191.96690297390626 549.3060475342301 156.389218328714 1.5
500 350 98.35996 163.72499 237.85276096693113 680.6066983307456 156.389218328714 2.0
500 350 98.35996 163.72499 283.4552153255817 811.0964003238827 156.389218328714 2.5
500 350 98.35996 163.72499 329.06998121248256 941.621331290439 156.389218328714 3.0
1000 600 273.55063 394.37366 142.11051773119848 271.61273430382374 148.93698141127769 0.5
1000 600 273.55063 394.37366 219.13195792846184 418.822133762682 148.93698141127769 1.0
1000 600 273.55063 394.37366 290.1740249473887 554.6032876256522 148.93698141127769 1.5
1000 600 273.55063 394.37366 359.53433599960283 687.1701379744052 148.93698141127769 2.0
1000 600 273.55063 394.37366 428.46625876197567 818.9182191243322 148.93698141127769 2.5
1000 600 273.55063 394.37366 497.41679142871374 950.7018689787468 148.93698141127769 3.0
800 600 146.78203 213.41858 108.60686322474997 375.4835290950339 153.04099866325407 0.5
800 600 146.78203 213.41858 167.46990274093778 578.9891009764422 153.04099866325407 1.0
800 600 146.78203 213.41858 221.76325258659978 766.6960101084494 153.04099866325407 1.5
800 600 146.78203 213.41858 274.771333451681 949.9593940493629 153.04099866325407 2.0
800 600 146.78203 213.41858 327.4520218820244 1132.0908931061695 153.04099866325407 2.5
800 600 146.78203 213.41858 380.14693278773615 1314.2715631369385 153.04099866325407 3.0
