1000 600 275.88037 414.87318530651487 105.08375667415234 206.16880848896898 157.28489940723347 0.5
1000 600 275.88037 414.87318530651487 181.28062217539102 355.66305449025106 157.28489940723347 1.0
1000 600 275.88037 414.87318530651487 287.6558696316986 564.3657000265296 157.28489940723347 1.5
1000 600 275.88037 414.87318530651487 396.6560053051097 778.2182383080315 157.28489940723347 2.0
1000 600 275.88037 414.87318530651487 537.0014213924621 1053.5685695808293 157.28489940723347 2.5
1000 600 275.88037 414.87318530651487 705.2356959915842 1383.6353757063316 157.28489940723347 3.0
600 400 133.1032 213.16481199637758 56.9831721822193 123.90290180718806 154.677250717198 0.5
600 400 133.1032 213.16481199637758 106.36185255877322 231.27077115816383 154.677250717198 1.0
600 400 133.1032 213.16481199637758 171.46014297506164 372.8189998084113 154.677250717198 1.5
600 400 133.1032 213.16481199637758 228.74644982490503 497.38103067982354 154.677250717198 2.0
600 400 133.1032 213.16481199637758 351.3175207968556 763.8967543477715 154.677250717198 2.5
600 400 133.1032 213.16481199637758 459.95209075103884 1000.109270050773 154.677250717198 3.0
800 600 142.21648 221.68039733087016 63.655126455234814 136.30934354870652 150.1287256926288 0.5
800 600 142.21648 221.68039733087016 116.1459373721221 248.71172772198912 150.1287256926288 1.0
800 600 142.21648 221.68039733087016 183.16363145266283 392.2215814443091 150.1287256926288 1.5
800 600 142.21648 221.68039733087016 286.3422057995269 613.1653533085129 150.1287256926288 2.0
800 600 142.21648 221.68039733087016 398.26776443597294 852.8396776504067 150.1287256926288 2.5
800 600 142.21648 221.68039733087016 486.6579106196342 1042.115914670251 150.1287256926288 3.0
900 400 313.09714 505.5163291422682 117.52997011966076 258.7442944524336 162.20923371239422 0.5
900 400 313.09714 505.5163291422682 203.9523708086061 449.00472818163456 162.20923371239422 1.0
900 400 313.09714 505.5163291422682 324.0845148947717 713.4777543466713 162.20923371239422 1.5
900 400 313.09714 505.5163291422682 466.9674991557241 1028.0371549337547 162.20923371239422 2.0
900 400 313.09714 505.5163291422682 613.5088970458661 1350.6506174110611 162.20923371239422 2.5
900 400 313.09714 505.5163291422682 775.0479833955387 1706.2817545710718 162.20923371239422 3.0
