2.0 0.7174264958602488
2.2 0.7290458705094707
2.4 0.7538816380307137
2.6 0.7875889305396424
2.8 0.8265851483417477
3.0 0.8679831567339333
3.2 0.9095244828061196
3.4 0.9495125122428121
3.6 0.9867456861247141
3.8 1.0204506977303103
4.0 1.0502156893374386
4.2 1.0759234490249054
4.4 1.097684607474062
4.6 1.1157708347704016
4.8 1.1305480372051493
5.0 1.1424095540768344
5.2 1.1517093544928974
5.4 1.158695234171289
5.6 1.1634420122420523
5.8 1.1657847280489075
6.0 1.1652518379507826
6.2 1.1609984121236
6.4 1.1517393313615938
6.6 1.1356824838791024
6.8 1.1104619621121274
7.0 1.0730712595197536
7.2 1.0197964673860571
7.4 0.9461494716214242
7.6 0.8468011495641748
7.8 0.7155145667823445
