channel;bin;weight;err_stat;err_syst_up;err_syst_do;err_tot_up;err_tot_do;wnorm_prefit_err_rel
boost_wjetcr_ele;Wjets_boost_3;1.0680032795232517;0.059516948286573106;0.1412351724615556;0.15290891391976794;0.15326330635084173;0.16408352473502516;0.13224226476589274
boost_wjetcr_ele;Wjets_boost_2;0.9133668207318284;0.061019278279152545;0.13617572791955138;0.13864211732701232;0.14922191928844886;0.15147603446956784;0.14909204585561975
boost_wjetcr_ele;Wjets_boost_1;1.2743989662505735;0.10789383868492877;0.23093117928017684;0.1782753386521654;0.25489270289653765;0.20838228523008787;0.18120791478637385
boost_wjetcr_ele;Wjets_boost_7;0.43841183992088856;0.05721323747503987;0.08282310171872724;0.07136207062967836;0.10066290637909252;0.09146529214368973;0.1889162065825428
boost_wjetcr_ele;Wjets_boost_6;0.7353264673861204;0.07085036993893554;0.12831389016363354;0.13591510856171965;0.1465749955804503;0.15327325812361417;0.17449921341707375
boost_wjetcr_ele;Wjets_boost_5;0.7639778618963847;0.05046672807533324;0.13877401726572886;0.12473149405711662;0.14766556304940714;0.13455421306057327;0.18164664735344152
boost_wjetcr_ele;Wjets_boost_4;0.8714677586555286;0.058388563951101285;0.14491841924815602;0.1529993332232678;0.15623883204138517;0.16376208464426797;0.16629234737465368
boost_wjetcr_mu;Wjets_boost_3;0.795022839492324;0.042761689383839396;0.1409951910962036;0.11033104172508187;0.14733704894294214;0.11832793772859274;0.177347346632505
boost_wjetcr_mu;Wjets_boost_2;0.7566321193655542;0.04279322602871646;0.09838182019266621;0.11140362610825835;0.10728579933228312;0.11933996859398548;0.13002596331115396
boost_wjetcr_mu;Wjets_boost_1;0.8242418980012696;0.0660376206264429;0.13298246640337713;0.13685124215990654;0.14847660997183135;0.15195140610968816;0.16133912474705614
boost_wjetcr_mu;Wjets_boost_7;0.603707795873748;0.05984805258041473;0.1077752185250591;0.11035685415298739;0.12327727741069044;0.1255405299344073;0.1785221580070466
boost_wjetcr_mu;Wjets_boost_6;0.8417820494895206;0.0645914904501769;0.12399119929630172;0.14799069987516417;0.13980657402822838;0.16147231306981458;0.14729608379210907
boost_wjetcr_mu;Wjets_boost_5;0.7704992609240989;0.042516846975991;0.14409384881644186;0.14354399375761812;0.15023554687062393;0.1497082510106472;0.18701361068617092
boost_wjetcr_mu;Wjets_boost_4;0.8876136009899517;0.050841839238947764;0.14322696930164994;0.14330819725828944;0.1519830824550377;0.15205963310037218;0.16136184612528412
res_wjetcr_ele;Wjets_res_6;1.018588970237857;0.057683147979543936;0.12615518659439603;0.14402335703032118;0.13871725438998872;0.15514532842181658;0.12385288892823641
res_wjetcr_ele;Wjets_res_7;1.3012124446432085;0.010610290328846741;0.38785518492324894;0.3649865518823244;0.388000287026582;0.3651407417911771;0.2980721453441052
res_wjetcr_ele;Wjets_res_4;1.172437684718536;0.033372257112767104;0.1958955370297049;0.15032797969357467;0.1987178124199165;0.15398769114300154;0.16708396495864344
res_wjetcr_ele;Wjets_res_5;1.1013319103829453;0.05355799388788997;0.1679226777199722;0.12979249441147903;0.17625687050989222;0.1404085122592255;0.1524723619981043
res_wjetcr_ele;Wjets_res_2;1.4116633970217372;0.019437896797101072;0.4198055200405151;0.24770514076602637;0.4202552872818878;0.2484666347697648;0.2973835837397227
res_wjetcr_ele;Wjets_res_3;1.3407834708478052;0.027015275752411107;0.20582092347494182;0.24842400278441695;0.20758631376865064;0.24988859574500555;0.15350795109727672
res_wjetcr_ele;Wjets_res_1;1.2102762029804452;0.008402188178303568;0.3927706640496225;0.4071506971015785;0.39286052398295895;0.4072373839868891;0.3245297751722948
res_wjetcr_ele;Wjets_res_8;1.359430488003071;0.02037436378939006;0.31901145600569686;0.2933739806557283;0.3196614205103535;0.29408061348142284;0.2346655153175998
res_wjetcr_ele;Wjets_res_9;1.5659603951504926;0.031872194850763994;0.2971850678687757;0.29366072384339864;0.2988892794477144;0.2953852696612238;0.18977815070490053
res_wjetcr_ele;Wjets_res_18;1.0003349585547665;0.061025673720462505;0.1553502641325154;0.15779272847825138;0.16690667278176344;0.1691823809196676;0.15529824565659253
res_wjetcr_ele;Wjets_res_19;0.8556720132329524;0.055423513114750925;0.1787543634148919;0.17449662630174578;0.18714937415295893;0.1830869694890166;0.20890523547627932
res_wjetcr_ele;Wjets_res_21;0.494559606223342;0.044455873827638236;0.09301731410933711;0.09296994689502507;0.10309483712530892;0.1030521020816299;0.18808109869638387
res_wjetcr_ele;Wjets_res_20;0.5348906179967883;0.07204248352755231;0.0702335812341907;0.07858297698256458;0.10061250104135822;0.10660864741783342;0.13130456745945845
res_wjetcr_ele;Wjets_res_10;1.2428358917663167;0.033932516738196805;0.16644368372155377;0.16388584083421168;0.16986734690042296;0.16736183710190497;0.1339224951775445
res_wjetcr_ele;Wjets_res_11;1.0262966757245227;0.050793275454909914;0.12177638350370672;0.1411976818955147;0.1319448536725863;0.1500557969693451;0.11865612194226165
res_wjetcr_ele;Wjets_res_12;0.8581587745699863;0.04757046443129571;0.10916845787187097;0.12385839559950595;0.11908274971771368;0.13267950575236886;0.12721242397897062
res_wjetcr_ele;Wjets_res_13;1.1103355026661106;0.017629616136222104;0.2644412755940814;0.2473915506965807;0.2650282845338125;0.24801891605514567;0.23816339742277132
res_wjetcr_ele;Wjets_res_14;1.1614923554905459;0.0490818574348162;0.17115236712563342;0.18446245425831975;0.1780510081464276;0.19088065842367144;0.14735556916631515
res_wjetcr_ele;Wjets_res_15;1.0066477172614732;0.07063731763470833;0.1402511091568064;0.13171224140299298;0.15703504151093506;0.14945817200149;0.13932491650440676
res_wjetcr_ele;Wjets_res_16;0.8230083565428267;0.0659363183245846;0.12000625881735755;0.11351095489282022;0.1369273538396896;0.13127198846243177;0.14581414376089974
res_wjetcr_ele;Wjets_res_17;0.8953356736683972;0.03164641896151213;0.1654359922737583;0.18049621801441063;0.168435635697113;0.18324950354801292;0.184775383288291
res_wjetcr_mu;Wjets_res_6;0.6925242140192064;0.036065864866642004;0.08337500401889918;0.08865916674642749;0.09084127863328618;0.09571412882510981;0.12039290804723668
res_wjetcr_mu;Wjets_res_7;1.1534562133417394;0.008050856472635561;0.33308771503405943;0.332817969554482;0.33318499695597603;0.3329153302993286;0.28877361028647397
res_wjetcr_mu;Wjets_res_4;1.0756743418309391;0.024522837088443557;0.142441838805725;0.11405575499444479;0.14453735496826586;0.11666226804849612;0.13242096912274606
res_wjetcr_mu;Wjets_res_5;0.8647440740159349;0.03589318808409455;0.10548942486181503;0.11634724945939305;0.11142863056017832;0.1217579706122208;0.12198918504513644
res_wjetcr_mu;Wjets_res_2;1.256783837159706;0.013625322419608864;0.3832247462774833;0.28518087490479566;0.3834668897968634;0.2855061835101002;0.30492494806709153
res_wjetcr_mu;Wjets_res_3;1.2125812901279132;0.019532071233669773;0.20383958703630106;0.19940033943616392;0.2047732381191617;0.2003546784428418;0.16810385307429435
res_wjetcr_mu;Wjets_res_1;1.1615744858059116;0.006080355842653069;0.42938510636510396;0.39960440208267173;0.42942815498677417;0.39965065856448034;0.3696578322028074
res_wjetcr_mu;Wjets_res_8;1.263357398532138;0.0161989593720934;0.36672757982924253;0.25884357792755197;0.3670851728034683;0.25934996456347437;0.29028015370419624
res_wjetcr_mu;Wjets_res_9;1.3808132601729397;0.025077329869595398;0.28591469981402207;0.27312274562868205;0.28701234824155364;0.27427159286579106;0.20706253920114637
res_wjetcr_mu;Wjets_res_18;0.8720982422074665;0.04915100779751223;0.13336805794954884;0.12318013304014991;0.14213676670286732;0.13262415595697544;0.15292779126806386
res_wjetcr_mu;Wjets_res_19;0.625591323687056;0.04166625267068224;0.1517855779382373;0.12892502212484952;0.1574005663320874;0.13549073009438717;0.24262737060299466
res_wjetcr_mu;Wjets_res_21;0.5802921039940049;0.04261893332985615;0.10487825276730267;0.10776188638579014;0.11320698468600315;0.11588355204945465;0.18073355133639074
res_wjetcr_mu;Wjets_res_20;0.820292859055206;0.07746310595808602;0.12015333700478238;0.12379512444637322;0.14295928503618946;0.1460334400792048;0.14647614651085972
res_wjetcr_mu;Wjets_res_10;1.058801717813197;0.02615371770480912;0.1363351941613983;0.13009747839824207;0.13882111552933515;0.1327003045790171;0.1287636692193691
res_wjetcr_mu;Wjets_res_11;0.7899099985649598;0.03697716685474735;0.10187990772903548;0.10695634928244856;0.10838277754090181;0.11316789085439809;0.12897660228902294
res_wjetcr_mu;Wjets_res_12;0.6581336423156562;0.03405176598549386;0.08477313789960027;0.08897854530238286;0.0913564867761205;0.09527173920349642;0.12880839460101798
res_wjetcr_mu;Wjets_res_13;1.1303870949373716;0.015185923095447326;0.24982098091956334;0.25349450825973047;0.2502821103632332;0.25394896727118893;0.2210048062636495
res_wjetcr_mu;Wjets_res_14;1.1760015404748085;0.043220061759962354;0.19420473489657725;0.18274960125386694;0.1989559066597039;0.18779081579508175;0.16513986437310912
res_wjetcr_mu;Wjets_res_15;0.8875363833565266;0.05742750200836393;0.16638796534224248;0.12035732477325162;0.17601952447854166;0.13335592830277404;0.18747171210377728
res_wjetcr_mu;Wjets_res_16;0.6911368384814014;0.05245244594029543;0.10444428262181955;0.10479317359142419;0.11687543479066136;0.11718732148352047;0.15111954218980642
res_wjetcr_mu;Wjets_res_17;0.8193954635259861;0.026108536293789727;0.16045854968828074;0.17822590258312673;0.1625687603307308;0.1801280878124628;0.1958255284912155
