0 1.0 0. 0.27532934672
1 1.53010764419 0. 0.0798978688433
2 1.00759892075 0. 0.0364381141176
3 0.880196612124 0. 0.0224127397832
4 0.876814407619 0. 0.0131272178104
5 0.860040598649 0. 0.00952789127737
6 0.888413762549 0. 0.00715861736146
7 0.91929431481 0. 0.00547308504331
8 0.921956985113 0. 0.0044250188999
9 0.938875260118 0. 0.00367672978589
10 0.939665598795 0. 0.00310922573634
11 0.932712347721 0. 0.00274330655966
12 0.937623286916 0. 0.00239592251027
13 0.923635926733 0. 0.00218340752842
14 0.926873899332 0. 0.00200750511212
15 0.924211007099 0. 0.00185351647017
16 0.919615153591 0. 0.00174908285787
17 0.920988879467 0. 0.00166133707322
18 0.92009526074 0. 0.00159027168389
19 0.919064745942 0. 0.00160525504423
20 0.966394982655 0. 0.00149299837603
21 0.917377440017 0. 0.00146200325264
22 0.916287637598 0. 0.00145010481974
23 0.919885889481 0. 0.0014494776322
24 0.923882919052 0. 0.00146400330049
25 0.930433789062 0. 0.0014915580135
26 0.939111030216 0. 0.0015369756443
27 0.951859912319 0. 0.00158983531572
28 0.964282285039 0. 0.00165986527065
29 0.979639195727 0. 0.00175764654875
30 1.00114084044 0. 0.00187295199323
31 1.02378493442 0. 0.00202503932149
32 1.05492597729 0. 0.00220266081498
33 1.08768015455 0. 0.00243350077179
34 1.12851935232 0. 0.00271686017983
35 1.17850107084 0. 0.00304053650078
36 1.22712107042 0. 0.00343808971038
37 1.28467471542 0. 0.00393963601445
38 1.35352497348 0. 0.004547465548
39 1.42928323012 0. 0.00527767784345
40 1.51435538948 0. 0.00623253649899
41 1.61835910649 0. 0.00740946082121
42 1.73579880225 0. 0.00882436398707
43 1.85883910223 0. 0.0104408779636
44 1.9773165442 0. 0.0129329375468
45 2.17630807126 0. 0.0156020965691
46 2.35033925773 0. 0.0189393753424
47 2.54029094828 0. 0.0235896943239
48 2.79266687734 0. 0.0291298653134
49 3.06058350777 0. 0.0362471588166
50 3.38161474152 0. 0.0447743474013
51 3.69824259533 0. 0.0553291888539
52 4.06855731634 0. 0.0720203999393
53 4.56586388963 0. 0.0890755828456
54 5.0439667714 0. 0.111084153974
55 5.53449806838 0. 0.139060832809
56 6.11329484906 0. 0.174151904049
57 6.80505331521 0. 0.215647325938
58 7.52265645538 0. 0.281704010747
59 8.50809059035 0. 0.321423019596
60 8.91320881175 0. 0.441428419528
61 10.5004406419 0. 0.558747556315
62 11.5732440797 0. 0.959980275102
63 15.7240082035 0. 0.822904359118
64 13.8050936519 0. 0.934917027089
65 14.3729380367 0. 1.55346421482
66 18.3253479368 0. 1.77384786693
67 20.7275410894 0. 1.64621381992
68 18.0462490229 0. 2.2411336471
69 21.6065031097 0. 2.56641367639
70 22.5534396064 0. 2.59347278998
71 20.1007226491 0. 4.42585636629
72 29.7220580906 0. 2.95946692837
73 22.0179029705 0. 6.28103541408
74 31.729392459 0. 6.26189021661
75 30.6558793651 0. 30.1646890142
76 80.4381144402 0. 13.4128666976
77 46.2075010423 0. 13.8839996843
78 50.2437109413 0. 7.538831633
79 33.6015021677 0. 13.5658466675
80 42.4373078111 0. 14.6852118114
81 43.0385171277 0. 29.234033309
82 71.838196683 0. 15.2016855234
83 46.0268264325 0. 27.8436095039
84 57.3342930537 0. 12.1587999037
85 34.6980628532 0. 42.8533140539
86 94.0380184587 0. 45.817469764
87 92.6553189491 0. 46.6234466006
88 113.180495346 0. 1524963.16454
89 14192.404518 0. 18.618286844
90 45.1350861525 0. 114.241250696
91 118.790715294 0. 18.3339224469
92 37.8001439039 0. 42.2492137563
93 54.3225763184 0. 48.9339488998
94 77.6691009155 0. 252.513922553
95 298.315835112 0. 41.0532151967
96 -33.3709008513 0. 456.446236156
97 103.551963147 0. 30.562016204
98 40.4234826696 0. 50.9933487424
