0 1.0 0. 0.247847368207
1 1.23133845904 0. 0.0992577828369
2 1.02295714928 0. 0.0426565039137
3 0.856524193939 0. 0.0277436978887
4 0.888576314343 0. 0.0187702124051
5 0.89901891619 0. 0.0126113568882
6 0.906612376607 0. 0.00949342093459
7 0.933982177235 0. 0.00743292762988
8 0.961235496788 0. 0.00591957633785
9 0.961151387092 0. 0.00493586230562
10 0.966473714538 0. 0.00426046003471
11 0.971180116831 0. 0.0037038155683
12 0.963718058825 0. 0.00330854559916
13 0.962400603612 0. 0.00300601791066
14 0.960705161856 0. 0.00275990307605
15 0.956473687876 0. 0.00257143109008
16 0.953064189985 0. 0.00243619299521
17 0.955926665244 0. 0.00234170562939
18 0.968536754273 0. 0.0022009059718
19 0.943739338752 0. 0.00213669179707
20 0.943968605905 0. 0.00208152692318
21 0.941339782164 0. 0.00204500560915
22 0.939485071202 0. 0.0020316264592
23 0.940827742778 0. 0.00207358995192
24 0.967107079332 0. 0.00204695368849
25 0.943459555981 0. 0.0020681105847
26 0.942676968667 0. 0.00212947025762
27 0.951648186518 0. 0.00219144267021
28 0.955370026164 0. 0.0022988356916
29 0.969524059517 0. 0.002433367961
30 0.987006455572 0. 0.00260993805751
31 1.00958682046 0. 0.00277692134825
32 1.02310755061 0. 0.00303197454533
33 1.05358864913 0. 0.00338366406432
34 1.09804997507 0. 0.00369564505122
35 1.12409444605 0. 0.00446628647404
36 1.269082619 0. 0.00475291078022
37 1.22793172355 0. 0.00540645494189
38 1.2844283505 0. 0.00620456071589
39 1.34252388283 0. 0.00728872340893
40 1.4313647771 0. 0.0084538883326
41 1.50285989505 0. 0.010086347042
42 1.6090847409 0. 0.0120930304109
43 1.72423839095 0. 0.0145284936774
44 1.85726119864 0. 0.0176744693708
45 1.99589033703 0. 0.0217459245714
46 2.18266276491 0. 0.0262706113534
47 2.34728393175 0. 0.0332218280995
48 2.61128737711 0. 0.0380515862523
49 2.70933556798 0. 0.0476775004362
50 2.93998713636 0. 0.0645614311814
51 3.41508119635 0. 0.0813954861719
52 3.79999018652 0. 0.10263001245
53 4.24811622495 0. 0.122834158737
54 4.48430781549 0. 0.160714749797
55 5.02689167708 0. 0.202631351711
56 5.61496594074 0. 0.244299454914
57 6.15417296937 0. 0.326144557248
58 7.10345231817 0. 0.38918847678
59 7.71060891081 0. 0.483415654761
60 8.64549101051 0. 0.691522951336
61 10.3997353978 0. 0.669823685338
62 9.14511958999 0. 0.962389857181
63 11.6021654483 0. 1.42847101548
64 13.5828743 0. 1.35421463581
65 12.1632829848 0. 1.9645841009
66 16.3631857601 0. 2.37393829653
67 16.4103370855 0. 2.9377677082
68 18.6571859633 0. 4.0763144131
69 23.8554970864 0. 3.50405242882
70 18.7479841133 0. 3.04638261402
71 16.384586452 0. 8.61834686696
72 29.5923146694 0. 5.36573208303
73 23.5780458788 0. 7.48174420199
74 32.2734555282 0. 15.9326892521
75 36.2068463103 0. 22.7744418325
76 47.5007217738 0. 21.8459192176
77 53.5018973534 0. 11.6284210788
78 33.7487497403 0. 7.62772840922
79 24.2676550392 0. 32.1653420643
80 55.2700299355 0. 12.7357080097
81 30.8525590695 0. 62.0604395312
82 79.8916783856 0. 13.0238954208
83 25.8939249955 0. 55.5028405651
84 90.6590309166 0. 75.6646089578
85 106.906046078 0. 16.132418406
86 30.41290846 0. 92.5469948641
87 73.0690093653 0. 41.9895277981
88 56.5499912793 0. 22.0431668037
89 26.4817037035 0. 92.0913232469
90 -88.4047217825 0. 57.3625774555
91 -10.9352542113 0. 106.320108118
92 1.0 0. 25.0877708479
93 101.343554829 0. 136.737527426
94 22.5659742497 0. 188.226000839
95 -127.324896257 0. 758.468078165
96 135.580882758 0. 143.354527222
