0 0.68328166258
1 0.738979397108
2 0.785094545739
3 0.822814816016
4 0.853225148706
5 0.877313401077
6 0.895976030184
7 0.910023776149
8 0.92018734544
9 0.927123094154
10 0.931418711297
11 0.933598902068
12 0.934131071135
13 0.933431005921
14 0.931868559884
15 0.929773335795
16 0.927440369023
17 0.925135810816
18 0.923102611578
19 0.921566204155
20 0.920740187114
21 0.920832008024
22 0.922048646737
23 0.92460229867
24 0.928716058086
25 0.934629601375
26 0.942604870335
27 0.952931755452
28 0.965933779183
29 0.981973779238
30 1.00145959186
31 1.0248497351
32 1.05265909211
33 1.08546459441
34 1.12391090519
35 1.16871610258
36 1.22067736291
37 1.28067664402
38 1.34968636854
39 1.42877510715
40 1.51911326189
41 1.62197874941
42 1.73876268427
43 1.87097506222
44 2.02025044349
45 2.18835363604
46 2.37718537886
47 2.58878802528
48 2.82535122619
49 3.08921761338
50 3.38288848277
51 3.70902947775
52 4.07047627239
53 4.4702402548
54 4.91151421033
55 5.39767800492
56 5.93230426833
57 6.51916407747
58 7.16223263963
59 7.86569497581
60 8.63395160395
61 9.47162422225
62 10.3835613925
63 11.3748442231
64 12.4507920528
65 13.6169681336
66 14.8791853141
67 16.243511723
68 17.716276452
69 19.3040752394
70 21.0137761534
71 22.8525252751
72 24.8277523819
73 26.947176631
74 29.2188122424
75 31.6509741823
76 34.2522838464
77 37.031674743
78 39.9983981766
79 43.1620289309
80 46.5324709523
81 50.119963033
82 53.9350844943
83 57.9887608701
84 62.2922695898
85 66.8572456619
86 71.6956873572
87 76.8199618921
88 82.2428111117
89 87.9773571734
90 94.0371082297
91 100.435964112
92 107.188222014
93 114.308582174
94 121.812153559
95 129.714459548
96 138.031443616
97 146.779475013
98 155.975354455
99 165.636319801
100 175.780051737
