channel;bin;weight;err_stat;err_syst_up;err_syst_do;err_tot_up;err_tot_do
boost_wjetcr_ele_mext;Wjets_HT_boost_5;0.5500416559562543;0.09648049389567954;0.15230646865457467;0.12886338303587924;0.18029349987279408;0.1609790582336907
boost_wjetcr_ele_mext;Wjets_HT_boost_4;0.5544628819402095;0.08516036597231053;0.14864460217320177;0.12225834612810971;0.17131113708036405;0.14899460101130693
boost_wjetcr_ele_mext;Wjets_HT_boost_3;0.7105462449428683;0.07169607429121466;0.18227303279239268;0.1694163738424795;0.19586675458614214;0.18396259074797286
boost_wjetcr_ele_mext;Wjets_HT_boost_2;0.8954175236387993;0.07815110463838609;0.24051682275900246;0.20580658491717696;0.25289511103674067;0.2201452828281159
boost_wjetcr_ele_mext;Wjets_HT_boost_1;0.8031682082922929;0.11115295861506866;0.23316283823689626;0.17951088729331507;0.25830193445572225;0.2111377248757702
boost_wjetcr_ele_mint;Wjets_HT_boost_5;0.4188227519936306;0.10514890109819038;0.11910268358030114;0.10098043584373;0.15887649492038258;0.14578525242748902
boost_wjetcr_ele_mint;Wjets_HT_boost_4;0.5641255445304041;0.07539572393316908;0.14250590910798758;0.13595479615376718;0.16122173959519437;0.15546131925536666
boost_wjetcr_ele_mint;Wjets_HT_boost_3;0.7805634125479217;0.061733885615953776;0.20846736752683573;0.1677584164862503;0.21741599747215581;0.17875670318960876
boost_wjetcr_ele_mint;Wjets_HT_boost_2;0.7710849860237097;0.061008363825461334;0.20379373251994082;0.16330330779948418;0.21272965442332917;0.17432725201445967
boost_wjetcr_ele_mint;Wjets_HT_boost_1;0.8967059269245669;0.09738977828671347;0.25623309040027137;0.19724989309932506;0.2741170653768365;0.2199824748529536
boost_wjetcr_mu_mext;Wjets_HT_boost_5;0.5159062436926769;0.07918933640586057;0.14885778738227673;0.13604626712265455;0.16861077031064078;0.1574151765186865
boost_wjetcr_mu_mext;Wjets_HT_boost_4;0.6462999756071136;0.06962708912252252;0.16754907581483902;0.14330653103327923;0.1814404154153158;0.15932574611928832
boost_wjetcr_mu_mext;Wjets_HT_boost_3;0.7096027330731552;0.056917413288542905;0.185951292030457;0.1589228781332723;0.19446715646415746;0.16880779937438234
boost_wjetcr_mu_mext;Wjets_HT_boost_2;0.6491123455917819;0.05723124871028468;0.1874610232059984;0.1526588785268778;0.19600268123262582;0.16303419586707107
boost_wjetcr_mu_mext;Wjets_HT_boost_1;0.9189489744748691;0.08534463010195541;0.2680736238491395;0.21627221578492278;0.28133107487593606;0.23250242409007224
boost_wjetcr_mu_mint;Wjets_HT_boost_5;0.6580172507003993;0.09011309408248998;0.17825832158618168;0.16174100589504842;0.19974082942613974;0.18515000057537612
boost_wjetcr_mu_mint;Wjets_HT_boost_4;0.7090326562484849;0.05970081111501628;0.17634028676844443;0.1656562419565303;0.18617218800177449;0.176085710229284
boost_wjetcr_mu_mint;Wjets_HT_boost_3;0.7351023680711443;0.05024334235044983;0.18574289617394907;0.15362866318773752;0.1924183383402708;0.16163588587747402
boost_wjetcr_mu_mint;Wjets_HT_boost_2;0.6500397686672869;0.04548024053081941;0.17847953007990494;0.15199706624220088;0.18418304736398755;0.1586554771351345
boost_wjetcr_mu_mint;Wjets_HT_boost_1;0.5031210293206961;0.057996636248400554;0.14641626265293964;0.11390723840511824;0.15748438584629237;0.12782201992305448
res_wjetcr_ele_mext;Wjets_HT_res_6;0.35486304321113876;0.06656410118432998;0.10257499536997311;0.0891394191825018;0.12228004433114883;0.11125023873534605
res_wjetcr_ele_mext;Wjets_HT_res_4;0.5546379940214791;0.03379896258554685;0.1370849943844456;0.1251510284607641;0.14119017514417453;0.12963467821785257
res_wjetcr_ele_mext;Wjets_HT_res_5;0.5321923812733322;0.059244629724359496;0.13531236909592614;0.12137224694155986;0.1477137887318872;0.13505979593801942
res_wjetcr_ele_mext;Wjets_HT_res_2;1.1430396397516134;0.011964638470893088;0.28485160924036396;0.2561632387898808;0.2851027742070641;0.25644250326547013
res_wjetcr_ele_mext;Wjets_HT_res_3;0.7484237264548942;0.019675596286133516;0.19119657306531776;0.17630254284667868;0.19220629188748298;0.17739705663685595
res_wjetcr_ele_mext;Wjets_HT_res_1;1.3886308601554376;0.012300771898080562;0.32234782355838676;0.2941369415892255;0.3225824365059534;0.2943940376379115
res_wjetcr_ele_mint;Wjets_HT_res_6;0.3485113777952711;0.07116994130308169;0.10212354330112192;0.0812236597161106;0.12447641801345431;0.10799279347605849
res_wjetcr_ele_mint;Wjets_HT_res_4;0.6326483790638233;0.04058874630059209;0.17539388898145813;0.14443175238854297;0.18002906048272843;0.15002658905767075
res_wjetcr_ele_mint;Wjets_HT_res_5;0.3695047612125364;0.0658095084157053;0.10129276676891091;0.08683954959713715;0.12079369187841628;0.10895870214053777
res_wjetcr_ele_mint;Wjets_HT_res_2;1.0441754167717794;0.013417137139289291;0.23993406537645928;0.23627519072724967;0.2403089163911517;0.23665583728742612
res_wjetcr_ele_mint;Wjets_HT_res_3;0.7823116280141829;0.021782006602429366;0.1875349211060518;0.1908047708848228;0.18879566320729232;0.19204404808282396
res_wjetcr_ele_mint;Wjets_HT_res_1;1.29869481460435;0.013658846079359634;0.27016058107735047;0.28205531949872586;0.27050564438523517;0.28238584832414665
res_wjetcr_mu_mext;Wjets_HT_res_6;0.41802534319895723;0.055027214558934744;0.12084974849215002;0.10419067154932518;0.13278801170561655;0.11782907272831439
res_wjetcr_mu_mext;Wjets_HT_res_4;0.7378912869406927;0.030111846037282692;0.1809703035042958;0.16529147369519842;0.1834583713603987;0.16801188811540535
res_wjetcr_mu_mext;Wjets_HT_res_5;0.5512364434284586;0.047249653147570125;0.15348480579546261;0.13140440533675388;0.16059301146885738;0.13964113815230667
res_wjetcr_mu_mext;Wjets_HT_res_2;0.9988293841962996;0.009005048274675857;0.24357370619340488;0.2322424138546104;0.24374011004186483;0.232416930724604
res_wjetcr_mu_mext;Wjets_HT_res_3;0.9060318422873704;0.016504964451679906;0.22508532485175914;0.20136771224766958;0.225689648223336;0.2020429889588141
res_wjetcr_mu_mext;Wjets_HT_res_1;1.1714864779431413;0.00807908433461279;0.2532222055537563;0.2568299942446208;0.2533510548412905;0.25695703443840123
res_wjetcr_mu_mint;Wjets_HT_res_6;0.5145382973999523;0.05962967316641454;0.150507144985761;0.12053178733261947;0.16188915533073334;0.1344753125280965
res_wjetcr_mu_mint;Wjets_HT_res_4;0.6891884343463922;0.03184048825980378;0.17192712678132097;0.15056864577194842;0.17485066089638643;0.15389845282595008
res_wjetcr_mu_mint;Wjets_HT_res_5;0.5610576456461158;0.051088666148828746;0.1545369355060574;0.13676861079642738;0.1627627606194667;0.1459989887227001
res_wjetcr_mu_mint;Wjets_HT_res_2;0.9675137817757332;0.010276999689527557;0.22795708276462218;0.2263388052378155;0.2281886243991478;0.2265720006512286
res_wjetcr_mu_mint;Wjets_HT_res_3;0.8948832865639785;0.018168354588619366;0.21921100474889044;0.2002223078360901;0.21996261889574753;0.20104492449118888
res_wjetcr_mu_mint;Wjets_HT_res_1;1.1196253705397652;0.008977393722262176;0.24025316612029562;0.2454676464205934;0.2404208340158375;0.24563175494489708
