0 0.744500729981
1 0.755351162759
2 0.766201595536
3 0.777052028314
4 0.787902461092
5 0.79875289387
6 0.809603326648
7 0.820453759425
8 0.831304192203
9 0.842154624981
10 0.853005057759
11 0.863855490537
12 0.874705923315
13 0.885556356092
14 0.89640678887
15 0.907257221648
16 0.918107654426
17 0.928958087204
18 0.939808519982
19 0.950658952759
20 0.961509385537
21 0.972359818315
22 0.983210251093
23 0.994060683871
24 1.00491111665
25 1.01576154943
26 1.0266119822
27 1.03746241498
28 1.04831284776
29 1.05916328054
30 1.07001371332
31 1.08086414609
32 1.09171457887
33 1.10256501165
34 1.11341544443
35 1.1242658772
36 1.13511630998
37 1.14596674276
38 1.15681717554
39 1.16766760832
40 1.12203746404
41 1.1316334738
42 1.14316254993
43 1.15662469241
44 1.17201990126
45 1.18934817647
46 1.20860951803
47 1.22980392596
48 1.25293140024
49 1.27799194089
50 1.30498554789
51 1.33391222126
52 1.36477196098
53 1.39756476707
54 1.43229063951
55 1.46894957831
56 1.50754158348
57 1.548066655
58 1.59052479289
59 1.63491599713
60 1.68124026773
61 1.72949760469
62 1.77968800802
63 1.8318114777
64 1.88586801374
65 1.94185761614
66 1.99978028491
67 2.05963602003
68 2.12142482151
69 2.18514668935
70 2.25080162355
71 2.31838962411
72 2.38791069103
73 2.45936482431
74 2.53275202395
75 2.60807228996
76 2.68532562232
77 2.76451202104
78 2.84563148611
79 2.92868401755
80 3.01366961535
81 3.10058827951
82 3.18944001003
83 3.28022480691
84 3.37294267015
85 3.46759359975
86 3.56417759571
87 3.66269465802
88 3.7631447867
89 3.86552798174
90 3.96984424314
91 4.07609357089
92 4.18427596501
93 4.29439142549
94 4.40643995233
95 4.52042154552
96 4.63633620508
97 4.754183931
98 4.87396472327
99 4.99567858191
100 5.1193255069
