0 0.707405792558
1 0.719536025774
2 0.731666258989
3 0.743796492205
4 0.75592672542
5 0.768056958635
6 0.780187191851
7 0.792317425066
8 0.804447658282
9 0.816577891497
10 0.828708124713
11 0.840838357928
12 0.852968591144
13 0.865098824359
14 0.877229057574
15 0.88935929079
16 0.901489524005
17 0.913619757221
18 0.925749990436
19 0.937880223652
20 0.950010456867
21 0.962140690083
22 0.974270923298
23 0.986401156513
24 0.998531389729
25 1.01066162294
26 1.02279185616
27 1.03492208938
28 1.04705232259
29 1.05918255581
30 1.07131278902
31 1.08344302224
32 1.09557325545
33 1.10770348867
34 1.11983372188
35 1.1319639551
36 1.14409418831
37 1.15622442153
38 1.16835465475
39 1.18048488796
40 1.1104963429
41 1.11908597805
42 1.12976845627
43 1.14254377756
44 1.15741194192
45 1.17437294934
46 1.19342679984
47 1.21457349341
48 1.23781303005
49 1.26314540976
50 1.29057063254
51 1.32008869838
52 1.3516996073
53 1.38540335929
54 1.42119995435
55 1.45908939248
56 1.49907167367
57 1.54114679794
58 1.58531476528
59 1.63157557569
60 1.67992922917
61 1.73037572571
62 1.78291506533
63 1.83754724802
64 1.89427227378
65 1.9530901426
66 2.0140008545
67 2.07700440947
68 2.14210080751
69 2.20929004861
70 2.27857213279
71 2.34994706004
72 2.42341483035
73 2.49897544374
74 2.5766289002
75 2.65637519973
76 2.73821434232
77 2.82214632799
78 2.90817115673
79 2.99628882853
80 3.08649934341
81 3.17880270136
82 3.27319890237
83 3.36968794646
84 3.46826983362
85 3.56894456384
86 3.67171213714
87 3.77657255351
88 3.88352581294
89 3.99257191545
90 4.10371086103
91 4.21694264967
92 4.33226728139
93 4.44968475618
94 4.56919507403
95 4.69079823496
96 4.81449423895
97 4.94028308602
98 5.06816477616
99 5.19813930936
100 5.33020668564
