0 0.740532459918
1 0.751494795965
2 0.762457132012
3 0.773419468059
4 0.784381804106
5 0.795344140153
6 0.806306476201
7 0.817268812248
8 0.828231148295
9 0.839193484342
10 0.850155820389
11 0.861118156436
12 0.872080492483
13 0.883042828531
14 0.894005164578
15 0.904967500625
16 0.915929836672
17 0.926892172719
18 0.937854508766
19 0.948816844814
20 0.959779180861
21 0.970741516908
22 0.981703852955
23 0.992666189002
24 1.00362852505
25 1.0145908611
26 1.02555319714
27 1.03651553319
28 1.04747786924
29 1.05844020529
30 1.06940254133
31 1.08036487738
32 1.09132721343
33 1.10228954947
34 1.11325188552
35 1.12421422157
36 1.13517655762
37 1.14613889366
38 1.15710122971
39 1.16806356576
40 1.10898151897
41 1.11693239126
42 1.12690832141
43 1.13890930943
44 1.15293535532
45 1.16898645907
46 1.1870626207
47 1.20716384019
48 1.22929011755
49 1.25344145278
50 1.27961784588
51 1.30781929684
52 1.33804580568
53 1.37029737238
54 1.40457399695
55 1.44087567939
56 1.47920241969
57 1.51955421787
58 1.56193107391
59 1.60633298782
60 1.65275995961
61 1.70121198925
62 1.75168907677
63 1.80419122216
64 1.85871842541
65 1.91527068653
66 1.97384800552
67 2.03445038238
68 2.09707781711
69 2.1617303097
70 2.22840786016
71 2.2971104685
72 2.3678381347
73 2.44059085876
74 2.5153686407
75 2.5921714805
76 2.67099937818
77 2.75185233372
78 2.83473034713
79 2.91963341841
80 3.00656154755
81 3.09551473457
82 3.18649297945
83 3.2794962822
84 3.37452464282
85 3.47157806131
86 3.57065653766
87 3.67176007189
88 3.77488866398
89 3.88004231394
90 3.98722102177
91 4.09642478747
92 4.20765361103
93 4.32090749247
94 4.43618643177
95 4.55349042894
96 4.67281948398
97 4.79417359689
98 4.91755276766
99 5.0429569963
100 5.17038628282
