0 0.709711477943
1 0.721701338303
2 0.733691198662
3 0.745681059022
4 0.757670919382
5 0.769660779742
6 0.781650640102
7 0.793640500462
8 0.805630360822
9 0.817620221182
10 0.829610081542
11 0.841599941902
12 0.853589802262
13 0.865579662621
14 0.877569522981
15 0.889559383341
16 0.901549243701
17 0.913539104061
18 0.925528964421
19 0.937518824781
20 0.949508685141
21 0.961498545501
22 0.973488405861
23 0.985478266221
24 0.99746812658
25 1.00945798694
26 1.0214478473
27 1.03343770766
28 1.04542756802
29 1.05741742838
30 1.06940728874
31 1.0813971491
32 1.09338700946
33 1.10537686982
34 1.11736673018
35 1.12935659054
36 1.1413464509
37 1.15333631126
38 1.16532617162
39 1.17731603198
40 1.09041843215
41 1.09632972223
42 1.10450073094
43 1.11493145831
44 1.12762190432
45 1.14257206897
46 1.15978195227
47 1.17925155422
48 1.20098087481
49 1.22496991404
50 1.25121867193
51 1.27972714845
52 1.31049534362
53 1.34352325744
54 1.3788108899
55 1.41635824101
56 1.45616531077
57 1.49823209917
58 1.54255860621
59 1.5891448319
60 1.63799077624
61 1.68909643922
62 1.74246182084
63 1.79808692111
64 1.85597174003
65 1.91611627759
66 1.9785205338
67 2.04318450865
68 2.11010820215
69 2.17929161429
70 2.25073474508
71 2.32443759452
72 2.4004001626
73 2.47862244932
74 2.55910445469
75 2.64184617871
76 2.72684762137
77 2.81410878268
78 2.90362966263
79 2.99541026123
80 3.08945057847
81 3.18575061436
82 3.28431036889
83 3.38512984207
84 3.48820903389
85 3.59354794436
86 3.70114657348
87 3.81100492124
88 3.92312298765
89 4.0375007727
90 4.15413827639
91 4.27303549874
92 4.39419243972
93 4.51760909936
94 4.64328547763
95 4.77122157456
96 4.90141739013
97 5.03387292434
98 5.1685881772
99 5.30556314871
100 5.44479783886
